"Row"	"Col"	"ProbeUID"	"ControlType"	"ProbeName"	"GeneName"	"SystematicName"	"sample1"	"sample2"	"sample3"	"sample4"	"sample5"	"sample6"
"1"	68	40	4071	0	"UHNcntrl0005765"	"SA2"	NA	1.02448708430434	0.769185801380198	0.638563186983687	0.810879851947281	1.05586461769312	0.7430260797989
"2"	146	59	9674	0	"UHNhscpg0006767"	"73_E_11"	NA	0.884086464390586	1.14546736585632	0.663398346581474	1.0404172722717	0.717787019557598	1.18051404438704
"3"	68	38	4069	0	"UHNcntrl0005789"	"SA2"	NA	0.888643295004035	0.612195411710953	0.725597672000038	0.824596707144464	0.631127392900833	0.920380720647035
"4"	78	3	4498	0	"UHNhscpg0007327"	"79_F_9"	NA	1.19026298547647	1.2581483903348	0.638458840210704	1.18808750374706	0.705667807597585	1.19260460707186
"5"	163	62	10765	0	"UHNhscpg0006830"	"74_C_5"	NA	1.50774421696519	1.3151258879073	0.721125012853652	1.23781623884967	0.888915357226232	0.809093134224475
"6"	75	22	4725	0	"UHNhscpg0004876"	"53_D_3"	NA	0.756258183248702	0.864348477400943	0.935967431995614	0.733366839515746	0.469850638955529	0.8410104047586
"7"	62	31	3710	0	"UHNhscpg0012172"	"82_B_8"	NA	1.22340604117606	1.01464124165111	1.03096251183192	1.01638998187905	0.503082829312234	0.680372403901353
"8"	68	37	4068	0	"UHNcntrl0005795"	"SA2"	NA	0.66838558038598	0.459296152830852	0.637431366693178	0.71619173106825	0.715713198686537	0.781613749200393
"9"	85	55	5430	0	"UHNcntrl0005484"	"SA2"	NA	0.757069453292472	0.847216087825828	0.442719903509424	0.741468633999634	1.08725342175598	1.11260329061178
"10"	141	59	9594	0	"UHNhscpg0003020"	"33_E_11"	NA	1.05179060400136	1.15510830061185	1.09879098977813	0.970695682617759	0.596901182421787	0.464542120630004
"11"	129	64	8591	0	"UHNhscpg0006807"	"74_A_4"	NA	0.945742140288638	1.05262405698116	0.762274485000042	0.650321109394326	0.501300191852248	0.583072739623499
"12"	141	15	8782	0	"UHNhscpg0003169"	"35_B_11"	NA	0.865551078353933	1.0184213636719	0.685752351227869	0.850446276162485	0.357180092855574	0.977220600533252
"13"	78	54	5317	0	"UHNhscpg0007104"	"77_C_3"	NA	1.1956811610034	0.813402192328972	0.666841293122904	1.20072340635939	0.480820744202228	0.862180130876249
"14"	142	64	9615	0	"UHNhscpg0003703"	"41_A_5"	NA	0.658214517363504	0.732437823963716	0.479887213935758	0.865511423590936	0.574774621850128	1.04355279732405
"15"	68	21	3796	0	"UHNcntrl0005615"	"SA2"	NA	0.549337120246891	0.50130308610896	0.531497269131288	0.707091761032013	0.724210523339861	0.534687972973256
"16"	68	39	4070	0	"UHNcntrl0005771"	"SA2"	NA	0.708683966875014	0.567319721215439	0.449918673771318	0.513255909717817	0.846093787094236	0.737483810017507
"17"	95	48	6143	0	"UHNhscpg0006989"	"76_A_3"	NA	1.07492685502004	0.528675888365774	0.655734741662023	0.600119319603562	0.621420300440063	0.666547842814746
"18"	129	14	7773	0	"UHNhscpg0007024"	"76_D_4"	NA	0.787308218185309	0.944006743140239	0.574781517762538	0.720137898609289	0.582885055802798	0.427978759738383
"19"	102	40	6247	0	"UHNcntrl0005766"	"SA2"	NA	0.692624553978783	0.675002746781342	0.328749064134323	0.635799405046511	0.696163627378814	0.68892708046987
"20"	15	34	769	0	"UHNhscpg0011124"	"120_G_1"	NA	-0.937519023578526	-0.810331483705811	-0.579264787891649	-0.553191306923342	-0.903043679125447	-0.438870223421301
"21"	164	29	10236	0	"UHNhscpg0007564"	"82_D_11"	NA	0.907383334601935	0.550636543145242	0.376574315304399	0.670826300644832	0.811014619892699	0.740151844559628
"22"	24	35	1730	0	"UHNhscpg0005164"	"56_E_7"	NA	-1.51797647209237	-1.39945834614605	-0.85544131715262	-1.56809351081567	-0.658575656327255	-0.63973403072896
"23"	85	53	5428	0	"UHNcntrl0005508"	"SA2"	NA	0.62068458633353	0.560302538317918	0.399434794142206	0.69545465732684	0.843210917346251	0.584594898931059
"24"	85	54	5429	0	"UHNcntrl0005502"	"SA2"	NA	0.707653289174203	0.649044293335528	0.329045674786691	0.696216094887815	0.917837453929626	0.831699354886327
"25"	147	31	9150	0	"UHNhscpg0007460"	"81_B_11"	NA	0.637006209141312	0.922083105041327	0.608507209371206	0.672922646863013	0.725143589247112	0.367683370473115
"26"	68	56	4343	0	"UHNcntrl0005573"	"SA2"	NA	0.689353021497837	0.67426871158326	0.365883049378715	0.854662323253343	1.15897703295206	1.03392343545307
"27"	102	56	6519	0	"UHNcntrl0005574"	"SA2"	NA	0.69167081262254	0.559575198895308	0.379852809909407	0.690322785036487	0.998184435931729	0.951140183872502
"28"	34	38	1893	0	"UHNcntrl0005788"	"SA2"	NA	0.928711804157864	0.524319758591059	0.471695387361811	0.85422685506872	0.67041786087575	0.487414248026734
"29"	10	55	966	0	"UHNhscpg0007085"	"77_A_7"	NA	0.763650902244596	1.22179633103772	0.608106210828499	1.12500343069193	0.743228819124107	0.428258840988606
"30"	112	63	7502	0	"UHNhscpg0006718"	"73_A_10"	NA	0.99827502118028	0.866591612347202	0.672881519705527	1.80161815804682	0.704664242109153	1.00833155816967
"31"	147	58	9689	0	"UHNhscpg0007508"	"81_G_5"	NA	1.1263866517165	0.734448241711187	1.31139628541141	1.25028214585489	0.466856521598546	0.582481616593689
"32"	79	25	4792	0	"UHNhscpg0007521"	"81_H_9"	NA	1.14717990927179	1.06278586343844	1.3944124832536	0.634549203906081	0.319937887890718	1.03752930644388
"33"	175	16	10959	0	"UHNhscpg0003164"	"35_B_6"	NA	0.598958599928153	0.680617045943421	0.693424692690941	0.651512778857072	0.249926388402791	0.699616361689626
"34"	181	26	11321	0	"UHNhscpg0012167"	"81_H_6"	NA	1.14595301068041	0.661205586673564	0.94805801412912	1.51665836344534	0.760870935405382	0.443723394125145
"35"	92	35	6082	0	"UHNhscpg0005165"	"56_E_9"	NA	-1.04601621298282	-0.350922134892045	-0.65290338790577	-1.33511298430195	-1.25565772226242	-0.755345796318746
"36"	129	44	8315	0	"UHNhscpg0007036"	"76_E_4"	NA	1.38954618941438	1.33569926839567	0.577044068827131	1.41313814183584	0.453803363509486	0.807444276055628
"37"	163	30	10221	0	"UHNhscpg0006841"	"74_D_5"	NA	0.679422589997555	0.848851354116183	0.453469961920677	0.307032565324613	0.901896834141109	0.896202989376817
"38"	85	24	4887	0	"UHNcntrl0005490"	"SA2"	NA	0.885600423343659	0.662444085148728	0.657016653638808	0.609052680049439	0.247429394625607	0.629110499144625
"39"	102	38	6245	0	"UHNcntrl0005790"	"SA2"	NA	0.942077809560296	0.555642574965034	0.276951803228188	0.667110846682226	0.862829063257346	1.04393569387798
"40"	191	10	12025	0	"UHNhscpg0002589"	"28_H_6"	NA	-0.479786685595458	-0.800907546155308	-0.639908804083824	-0.495585182700172	-0.327375983332315	-0.586398531004228
"41"	24	36	1731	0	"UHNhscpg0005159"	"56_E_1"	NA	-1.16665573483976	-0.626207128977114	-0.447349100626742	-1.86703885053824	-1.1452447264946	-1.22885691521742
"42"	68	54	4341	0	"UHNcntrl0005597"	"SA2"	NA	0.600041550448944	0.33424885320394	0.528983961536863	0.741093316530076	1.04013194096427	1.04084022436896
"43"	96	30	5885	0	"UHNhscpg0007556"	"82_D_3"	NA	0.708105862541048	0.95477015128087	0.667274239148387	0.369984678477895	0.380006298411992	0.632592862959974
"44"	136	55	8694	0	"UHNcntrl0005581"	"SA2"	NA	0.724964202888877	0.43200601391638	0.536365358962168	0.489158152296485	1.13636351851893	0.681550855654839
"45"	170	7	10054	0	"UHNcntrl0005786"	"SA2"	NA	0.769752835000764	0.475558339155826	0.518166140166331	0.297782883423848	0.849994758881074	0.835031614375644
"46"	102	55	6518	0	"UHNcntrl0005580"	"SA2"	NA	0.592072983891846	0.541941848635245	0.354939805550577	0.616412835794575	1.08493071709446	0.957370242989443
"47"	53	51	4098	0	"UHNhscpg0011959"	"14_E_8"	NA	0.483570218504338	0.586979832930068	0.461900695181628	0.996352031279489	0.549315742252867	1.10933742017691
"48"	158	15	9870	0	"UHNhscpg0003264"	"36_B_11"	NA	0.656948984343703	1.35839435960543	0.652366368989853	0.369710029182592	0.785109787844166	0.773284499841274
"49"	147	8	8871	0	"UHNhscpg0007996"	"87_B_5"	NA	0.458626778766178	0.956101827605856	0.590950578360134	0.436051791798157	0.438671079305925	0.636880226912911
"50"	170	24	10327	0	"UHNcntrl0005588"	"SA2"	NA	0.640425279153074	0.779302849026957	0.550212651010657	0.628753418970488	1.28396848154935	0.442614226581712
"51"	61	59	4234	0	"UHNhscpg0006856"	"74_E_8"	NA	0.253824615376805	0.827974352968999	0.796789656764068	0.746992449050373	0.446916264206633	0.606379255402237
"52"	85	38	5157	0	"UHNcntrl0005694"	"SA2"	NA	0.374621069884185	0.515884013313713	0.420927095287871	0.598454519509769	0.569522878874613	0.905014031219798
"53"	68	53	4340	0	"UHNcntrl0005603"	"SA2"	NA	0.648415457777949	0.58714202089976	0.41378908491054	0.707607503379448	1.31578065858037	1.2417315130525
"54"	123	9	7672	0	"UHNhscpg0002593"	"28_H_10"	NA	-0.475410033781973	-0.722633699214027	-0.509811151626973	-0.374328793783574	-0.353056278957517	-0.618729417581591
"55"	153	6	8965	0	"UHNcntrl0005708"	"SA2"	NA	0.827255587527212	0.352187086117681	0.583937346677507	0.505246144337034	1.21691084398279	1.01296179717605
"56"	8	10	121	0	"UHNhscpg0005472"	"59_H_1"	NA	-0.949096522171965	-0.508356315513955	-0.417043093196563	-0.502496880651435	-0.539730029040035	-0.466180309057632
"57"	97	55	6438	0	"UHNhscpg0008660"	"94_A_9"	NA	0.795633154549231	1.19317839283381	0.459099514825528	0.715138941661639	0.502183437809972	0.453375788642184
"58"	191	63	12846	0	"UHNhscpg0002321"	"26_A_12"	NA	-0.543976430704904	-0.542425117055251	-0.431181527153379	-0.386351206144251	-0.389952096000451	-0.772482365815632
"59"	102	54	6517	0	"UHNcntrl0005598"	"SA2"	NA	0.57374264279802	0.535611046850249	0.446151041022141	0.973815157935787	1.41228838260483	1.20596815708221
"60"	55	58	4137	0	"UHNhscpg0002383"	"26_G_2"	NA	-0.500117099690678	-1.18390597417649	-1.068920918987	-0.504368995466635	-0.44944096032863	-0.681773735762862
"61"	92	25	5816	0	"UHNhscpg0004648"	"50_H_9"	NA	0.772743618665936	1.57037550194993	1.23776804152055	0.310527545242072	0.69766129637525	1.4520209870188
"62"	55	48	3871	0	"UHNhscpg0002501"	"28_A_2"	NA	-0.337031503545415	-0.856230355222985	-0.525299329524133	-0.494820450238102	-0.424490516758912	-0.712724610737084
"63"	54	51	4114	0	"UHNhscpg0001996"	"22_E_8"	NA	-0.561943018188144	-0.696836812052879	-0.795109189807729	-0.541739929668568	-0.237980148225782	-0.50291758512177
"64"	124	10	7689	0	"UHNhscpg0003326"	"36_H_4"	NA	0.787708331614699	1.14183476011785	0.496351158152438	0.512082247071962	0.342804967850078	0.882872932288613
"65"	21	1	1136	0	"UHNhscpg0002956"	"32_H_7"	NA	-0.459985270662328	-0.924972956494234	-0.82162094154971	-0.405111431473552	-0.36462700176059	-0.656426580736159
"66"	61	21	3684	0	"UHNhscpg0007212"	"78_D_8"	NA	0.671051179164687	0.519065096261373	0.542580858648664	0.453957228824514	0.258372823767861	0.75495445492065
"67"	160	54	10709	0	"UHNhscpg0004957"	"54_C_5"	NA	0.810940619821373	0.675087189733301	0.465373657302345	0.414955727701919	0.480849995731424	0.354152216898086
"68"	55	42	3865	0	"UHNhscpg0002573"	"28_G_2"	NA	-0.54442437573025	-1.19116236797795	-0.567112696103806	-0.462842194983185	-0.499776654016177	-0.646791134098816
"69"	27	51	2050	0	"UHNhscpg0007223"	"78_E_7"	NA	0.961891689199822	0.948752223179685	0.668334029025587	1.01959956643069	0.109913827873406	0.779414345419857
"70"	141	26	9049	0	"UHNhscpg0003049"	"33_H_5"	NA	0.771270234145044	0.885591086724917	0.369260789054449	0.619121806453846	0.300889321604332	0.586363140099939
"71"	136	8	7879	0	"UHNcntrl0005779"	"SA2"	NA	0.860086105042562	0.375467956283089	0.574854345253167	0.615963687693414	1.26598791629186	0.562704879956017
"72"	58	54	4181	0	"UHNhscpg0004955"	"54_C_2"	NA	0.277824150816203	0.695015976822543	0.399122936143696	0.856022940413506	0.611149058461741	0.946598534126543
"73"	56	44	3883	0	"UHNhscpg0003290"	"36_E_2"	NA	0.799915864210737	0.857164361286973	0.238272257199316	0.456026535390041	0.532299661388688	0.699579491837163
"74"	68	55	4342	0	"UHNcntrl0005579"	"SA2"	NA	0.581644840060228	0.584962190495137	0.336998560200298	0.862401276960629	1.37217631820474	1.00501483242108
"75"	175	48	11503	0	"UHNhscpg0003153"	"35_A_6"	NA	0.621852602534824	0.720144684576502	0.522375975572828	0.551424109863724	0.35415614648827	1.1718837680798
"76"	24	64	2015	0	"UHNhscpg0004556"	"50_A_1"	NA	-1.53557748450464	-0.602725062620671	-0.727724173879807	-1.3316380354286	-0.613995855860919	-0.513738434514762
"77"	113	62	7517	0	"UHNhscpg0007465"	"81_C_4"	NA	0.406363973991544	0.58346395694965	0.340206707934225	0.759023866703423	0.392220148672138	0.754076920467947
"78"	64	23	3734	0	"UHNhscpg0009439"	"102_B_8"	NA	-0.666957231292397	-0.936042357906526	-0.347837430412303	-0.479549536386218	-0.422269752169386	-0.533574158357641
"79"	39	42	2793	0	"UHNhscpg0003220"	"35_G_2"	NA	0.445481560390867	0.864765609265008	0.577980804641506	0.390158702059846	0.51770184787487	0.377564031662844
"80"	136	5	7876	0	"UHNcntrl0005809"	"SA2"	NA	0.882840593837191	0.317541255304219	0.375227918370788	0.553637012781238	0.997414257779123	0.909320440899519
"81"	164	58	10777	0	"UHNhscpg0007592"	"82_G_5"	NA	0.993778389578748	0.955486485638382	0.595474792571967	0.992811300069059	0.320294179274516	0.364728918923083
"82"	79	28	4795	0	"UHNhscpg0012164"	"81_F_3"	NA	1.3753742717386	1.25858857183419	0.906867319353657	1.00533246395069	0.14421530686896	0.664996927371434
"83"	136	56	8695	0	"UHNcntrl0005575"	"SA2"	NA	0.660612726337771	0.597287302528642	0.51330399428211	0.396605704235204	1.34496379909047	0.909200402479833
"84"	71	35	4930	0	"UHNhscpg0002087"	"23_E_9"	NA	0.840957942742561	0.789679872387643	0.877098773163132	0.312304693949491	0.454595506723514	0.386098357823124
"85"	31	58	2121	0	"UHNhscpg0009876"	"107_G_1"	NA	-0.515377507987521	-0.833290717270989	-0.675339803539746	-0.451932737461435	-0.293068323322322	-0.440855299276519
"86"	163	64	10767	0	"UHNhscpg0012121"	"74_A_5"	NA	0.433900579625465	0.39896603323351	0.327740346020001	0.768368010809729	0.70200800353601	0.473382985979123
"87"	146	62	9677	0	"UHNhscpg0006737"	"73_C_5"	NA	0.510661357024228	0.672069477774695	0.273836553051249	0.515186452848885	0.492532574177947	0.947060996320475
"88"	191	43	12570	0	"UHNhscpg0002559"	"28_E_12"	NA	-0.400140390129625	-0.682746362887483	-0.309170942667354	-0.444653526960774	-0.46730166866673	-0.782429427705969
"89"	160	51	10706	0	"UHNhscpg0004986"	"54_E_11"	NA	0.449578163378543	0.958927670047126	0.266634161657521	0.587108321859469	0.504089854095259	0.721445531696967
"90"	75	5	4452	0	"UHNhscpg0005064"	"55_D_9"	NA	0.727377670257297	0.812012518226492	0.63514340737111	0.611181338488805	0.298042014340055	0.28058729690073
"91"	73	15	4430	0	"UHNhscpg0003167"	"35_B_9"	NA	0.322934094997944	0.702740302283203	0.976133849947258	0.420389309306469	0.521182153784707	0.499427628323813
"92"	107	11	6602	0	"UHNhscpg0003216"	"35_F_10"	NA	0.546716519755286	0.661234979252356	0.832339639436062	0.465319163917371	0.192891420178661	0.587710635185141
"93"	55	64	4143	0	"UHNhscpg0002311"	"26_A_2"	NA	-0.596557561597482	-1.32701783210057	-0.465652002611439	-0.534380446943466	-0.466012799556585	-0.894002707764193
"94"	119	53	7604	0	"UHNcntrl0005509"	"SA2"	NA	0.633785903560858	0.528923698258561	0.382493570290283	0.58669614635288	0.922039350193042	0.286001856364459
"95"	62	64	4255	0	"UHNhscpg0012168"	"82_A_2"	NA	0.590922242557339	1.02240190621504	0.8005045153184	0.696417944546912	0.351951256089966	0.290822924555215
"96"	102	24	5975	0	"UHNcntrl0005586"	"SA2"	NA	0.564589460445452	0.340341976955051	0.581717484198963	0.395061182240235	0.758912501863234	1.09022135404714
"97"	141	13	8780	0	"UHNhscpg0003193"	"35_D_11"	NA	0.754235892716016	1.63834248536084	0.769532922560678	0.756334558092004	0.277657116005333	1.08808246263535
"98"	96	45	6156	0	"UHNhscpg0007727"	"84_C_9"	NA	0.40341601928672	0.769620431899886	0.253419978738988	0.993120595107092	0.592844372631466	0.613068766101479
"99"	129	60	8587	0	"UHNhscpg0006852"	"74_E_4"	NA	1.08912111734173	0.929605813825193	0.861889553432138	0.556814094172932	0.407305476122714	0.264947346342572
"100"	68	8	3527	0	"UHNcntrl0005777"	"SA2"	NA	0.947101052840813	0.492082915777651	0.226607625699438	0.851465393392102	0.777539227950728	0.44162359850881
"101"	141	42	9321	0	"UHNhscpg0003223"	"35_G_5"	NA	0.709839256358737	0.867123148032636	0.425230771879031	0.495181292957549	0.218961557340513	0.862098167505692
"102"	170	23	10326	0	"UHNcntrl0005594"	"SA2"	NA	0.726042408959385	0.759569119813985	0.563615706132278	0.343724870465945	1.28817430268575	0.456858636410017
"103"	92	54	6357	0	"UHNhscpg0012075"	"54_C_3"	NA	0.703323734530194	0.739495213025334	0.58751877379415	0.758454968042408	0.117994838581401	0.502515007160362
"104"	158	14	9869	0	"UHNhscpg0003282"	"36_D_5"	NA	1.27312748104216	1.40130441372512	0.879042032052549	0.645336394095297	0.191723294173055	0.691630245402159
"105"	12	6	181	0	"UHNhscpg0008784"	"95_D_1"	NA	-1.05260047851369	-1.1139530283982	-0.450201149401222	-0.44277435642914	-0.463677081871136	-0.497108317021743
"106"	79	60	5339	0	"UHNhscpg0007485"	"81_E_3"	NA	1.40619547597045	1.07995424502901	1.0296701025931	1.86214287745549	0.229625190546554	0.634341080186772
"107"	102	22	5973	0	"UHNcntrl0005610"	"SA2"	NA	0.596518594105284	0.217336047070303	0.446573635589823	0.582547438929041	0.960209229797629	0.945892397637033
"108"	78	14	4509	0	"UHNhscpg0006932"	"75_D_3"	NA	0.553827621344791	0.737715876484312	0.201722627499253	0.513798855765481	0.454701558941437	0.881121900122631
"109"	107	45	7148	0	"UHNhscpg0003180"	"35_C_10"	NA	0.629078464662699	1.50038853266251	0.756768768968076	0.417679517862911	0.462149153418364	0.868392425628274
"110"	21	27	1418	0	"UHNhscpg0002376"	"26_F_7"	NA	-0.783143447036357	-0.858400880446256	-0.203667218075106	-0.524357602813797	-0.380748607027837	-0.772377930807568
"111"	31	50	2113	0	"UHNhscpg0010260"	"111_G_1"	NA	-0.503265580040525	-0.502158426453992	-0.801076651678441	-0.933884729646365	-0.356925298325766	-0.318621602316979
"112"	102	21	5972	0	"UHNcntrl0005616"	"SA2"	NA	0.744871914119686	0.303993933345495	0.365548109032966	0.368949247831324	0.632505532849681	0.826340518647401
"113"	136	50	8689	0	"UHNcntrl0005647"	"SA1"	NA	0.790931445466809	0.918544364672941	0.636695203016497	0.230524358517849	0.683674971413196	0.313601571256453
"114"	51	37	2980	0	"UHNcntrl0005699"	"SA2"	NA	0.99199136680078	0.222478307670213	0.575426783012677	0.416447304038906	1.00143949950063	1.08691018534587
"115"	20	39	1670	0	"UHNhscpg0002131"	"24_A_7"	NA	-0.429382114556425	-1.18529813233138	-0.820338870525081	-0.356872871852033	-0.443300899901681	-0.678802470377892
"116"	146	21	9124	0	"UHNhscpg0007123"	"77_D_11"	NA	0.787073326840979	0.839994207955662	0.143060449244715	0.841699334293297	0.454016035170461	0.547790793623985
"117"	68	24	3799	0	"UHNcntrl0005585"	"SA2"	NA	0.738822003345923	0.539560314647481	0.688690285773463	0.535528715232916	0.101732473424477	0.606204283646136
"118"	107	46	7149	0	"UHNhscpg0003174"	"35_C_4"	NA	0.749162867240502	1.05290751496733	0.820124415900574	0.38014080012878	0.360294577095111	0.353716892154782
"119"	55	10	3321	0	"UHNhscpg0002585"	"28_H_2"	NA	-0.424975591579942	-0.953298479142195	-0.77496534857352	-0.359771920910132	-0.295486949504641	-0.605742741294444
"120"	95	21	5860	0	"UHNhscpg0007213"	"78_D_9"	NA	1.0406773315307	0.804626248357529	0.510122064582228	1.02585957253013	0.174641843201707	0.501893539814642
"121"	160	23	10166	0	"UHNhscpg0004952"	"54_B_11"	NA	0.896296844899904	0.452844131410089	0.675319507351409	0.912774107581944	0.322276601317965	0.294678408920596
"122"	13	34	737	0	"UHNhscpg0009588"	"103_G_1"	NA	-1.24470492669441	-1.21721701792067	-0.74566277693256	-0.832904245539693	-0.473100899423947	-0.176795875158431
"123"	85	56	5431	0	"UHNcntrl0005478"	"SA2"	NA	0.832388742259612	0.762599492817751	0.578810163811855	0.693444018356603	0.0421863781413574	0.741417630965699
"124"	146	45	9404	0	"UHNhscpg0006928"	"75_C_11"	NA	0.323287836258366	0.945591379507398	0.256743175508941	0.952231121147868	0.666856291400171	0.555708006497149
"125"	17	55	1078	0	"UHNcntrl0005482"	"SA2"	NA	0.643475362916934	0.477023248431408	0.265203646742416	0.708076976356189	0.541612742589448	1.20648344110814
"126"	158	53	10676	0	"UHNhscpg0003460"	"38_C_11"	NA	0.339467757939468	0.921419977741287	0.227567764908764	0.49937834835092	0.677819139960285	0.731096838254404
"127"	163	44	10491	0	"UHNhscpg0007037"	"76_E_5"	NA	0.608220919728724	1.15410211078055	0.335528876577118	0.779161642385041	0.553884019999311	0.334806106684676
"128"	68	6	3525	0	"UHNcntrl0005801"	"SA2"	NA	0.670528781617712	0.341788218313235	0.221794894239171	0.670530495155711	1.0836949151458	0.774624061289368
"129"	123	25	7944	0	"UHNhscpg0002403"	"26_H_10"	NA	-0.536969695452029	-0.812030661646059	-0.374249303951533	-0.257293984965216	-0.375340592101386	-0.711832836731425
"130"	79	32	4799	0	"UHNhscpg0007453"	"81_B_3"	NA	0.456041352949264	1.30525612957388	1.12524124712423	1.30548196803852	0.322964158948679	0.472309437615859
"131"	9	21	404	0	"UHNhscpg0006373"	"69_D_7"	NA	-0.639844506867602	-1.05651248982669	-0.823248370332948	-0.134536931118243	-0.548288089252203	-0.534365317328874
"132"	126	35	8258	0	"UHNhscpg0005166"	"56_E_10"	NA	-0.834941715221667	-0.794430301244164	-0.379821478392627	-1.40039420862412	-0.314797012833495	-0.657078372463809
"133"	170	21	10324	0	"UHNcntrl0005618"	"SA2"	NA	0.729050836801445	0.617971049246432	0.143060199008461	0.496529492090744	0.916564796931945	0.473357926687221
"134"	124	11	7690	0	"UHNhscpg0003308"	"36_F_10"	NA	0.953389649144455	1.4130556465021	0.694740212131917	0.651615916673506	0.254050024238428	0.491268682898831
"135"	194	35	12610	0	"UHNhscpg0005168"	"56_E_12"	NA	-0.79531959860444	-0.549810913862407	-0.659590057392123	-1.66584306781973	-0.506610339273946	-0.583929940091979
"136"	147	62	9693	0	"UHNhscpg0007466"	"81_C_5"	NA	0.59959103720993	0.694333932572098	0.498967056524261	0.748280521328679	0.377303534824595	0.152627758901707
"137"	112	14	6685	0	"UHNhscpg0006933"	"75_D_4"	NA	0.504229478007328	1.35199574378398	0.503888706311159	0.582828706186792	0.369910950630231	0.717104398360926
"138"	137	2	8705	0	"UHNhscpg0000645"	"7_H_5"	NA	0.56609732196244	0.786504462631017	0.484224350768207	0.388679317681991	0.162007520815758	0.71171434611338
"139"	160	8	9895	0	"UHNhscpg0005129"	"56_B_5"	NA	0.204438033716666	0.597185540377508	0.476847959938913	0.370473644961516	0.903016919951559	0.631582691835358
"140"	153	55	9782	0	"UHNcntrl0005486"	"SA2"	NA	0.68499353579354	0.490539210288608	0.281551959871267	0.376638694216961	1.16697750904244	0.945717084370688
"141"	126	48	8271	0	"UHNhscpg0004747"	"52_A_4"	NA	0.777589643404438	0.600841777784931	0.332517961912561	0.14103590601321	0.695333103438262	0.680875691311687
"142"	102	53	6516	0	"UHNcntrl0005604"	"SA2"	NA	0.485197760859359	0.521734955432891	0.361097666312768	0.709091785812529	1.22016034813697	1.4574836997315
"143"	158	16	9871	0	"UHNhscpg0003258"	"36_B_5"	NA	0.762264887163079	0.851180344977204	0.283132123663531	0.635855038109929	0.220231415588016	0.518215639958044
"144"	102	37	6244	0	"UHNcntrl0005796"	"SA2"	NA	0.983802655765674	0.43200791133637	0.290185370379643	0.465284374602833	1.0881658367962	1.33968631605834
"145"	109	51	7442	0	"UHNhscpg0004894"	"53_E_10"	NA	0.508040312646147	0.721789975652415	0.558496100707636	0.551226198118293	0.0848864363478885	0.802074338374934
"146"	95	41	6136	0	"UHNhscpg0007064"	"76_G_9"	NA	0.644621410644297	0.999795160563348	0.638537318996563	0.445195847975862	0.322266272001759	0.285815441315519
"147"	95	64	6415	0	"UHNhscpg0006806"	"74_A_3"	NA	1.15974198201042	0.928538586797529	0.782928872762628	2.34493864198581	0.521531896891034	0.785955625760902
"148"	9	2	129	0	"UHNhscpg0006607"	"71_H_1"	NA	-0.765554960096005	-0.702661111637699	-1.01429970981318	-0.533242195292133	-0.431398533566966	-0.142180854717374
"149"	68	23	3798	0	"UHNcntrl0005591"	"SA2"	NA	0.669337242028847	0.230921000564482	0.690497062306072	0.333772073065838	0.35861491570593	0.740074017222604
"150"	119	54	7605	0	"UHNcntrl0005503"	"SA2"	NA	0.128773976095228	0.545673324308078	0.416859901673671	0.667013398378062	0.783682465175779	0.517085412641396
"151"	95	46	6141	0	"UHNhscpg0012131"	"76_C_3"	NA	1.24206606399587	1.02354785214878	0.770121739331058	1.08599443435154	0.171136411321188	0.332883260066984
"152"	58	39	3910	0	"UHNhscpg0005120"	"56_A_8"	NA	0.397288200362235	0.559565267752493	0.521501680360702	0.548644899811867	0.177139177480212	0.883810305455194
"153"	73	14	4429	0	"UHNhscpg0003185"	"35_D_3"	NA	0.7051544088184	0.694760493851716	0.768268629944753	0.579318817164815	0.111275803830955	0.369788841295643
"154"	190	2	12001	0	"UHNhscpg0002208"	"24_H_6"	NA	-0.201931131053062	-0.627968686217345	-0.585322781333215	-0.457382484500583	-0.350449874297041	-0.86842831546921
"155"	79	47	5070	0	"UHNhscpg0012179"	"83_A_9"	NA	0.771482001567906	0.924592668630401	0.435201618509501	1.05939575762966	0.227667632585275	0.37967822395736
"156"	153	56	9783	0	"UHNcntrl0005480"	"SA2"	NA	0.569569798466398	0.281370259071251	0.44116798284697	0.514112312075547	1.24695159185344	0.888469473016707
"157"	75	52	5267	0	"UHNhscpg0004887"	"53_E_3"	NA	0.438935013903077	0.80047762719499	0.38177273925192	0.736182049169834	0.16049686573661	0.866791517543909
"158"	193	35	12594	0	"UHNhscpg0004426"	"48_E_12"	NA	-0.79681491733078	-0.843379411565511	-1.06705469217163	-0.728183436664503	-0.0100226067627727	-0.558683087055831
"159"	8	36	659	0	"UHNhscpg0005810"	"63_E_1"	NA	-0.560467739768313	-1.03915007531078	-0.309788682716855	-0.295909029182967	-0.47896204769871	-0.675080687915655
"160"	102	39	6246	0	"UHNcntrl0005772"	"SA2"	NA	0.667298045978566	0.437505948961322	0.287806970614019	0.538410753103379	0.973778387820765	1.37103659105231
"161"	94	54	6389	0	"UHNhscpg0006453"	"70_C_3"	NA	0.610007090083853	1.40541048011351	0.859423036910965	0.464009973372772	0.188428439442651	0.960935168343006
"162"	96	61	6428	0	"UHNhscpg0007552"	"82_C_9"	NA	0.417419762219437	0.517335630920952	0.203627042042431	0.645343978832461	0.414073287340871	0.917002131098142
"163"	136	24	8151	0	"UHNcntrl0005587"	"SA2"	NA	0.816066026099943	0.306641795267389	0.572479305546198	0.521429576531464	1.64126278686701	1.16072816113758
"164"	8	2	113	0	"UHNhscpg0005846"	"63_H_1"	NA	-0.316046725568375	-0.983583774239358	-0.529866567312865	-0.178312746540159	-0.815897728193839	-0.723552945791109
"165"	153	7	8966	0	"UHNcntrl0005690"	"SA2"	NA	0.237512437610508	0.464696305022043	0.657426425784532	0.591614622883995	1.38911342112653	0.942596979776766
"166"	79	26	4793	0	"UHNhscpg0007516"	"81_H_3"	NA	0.670201390021658	0.568407327951997	0.445580160579336	0.658796374018234	0.0621453009480248	0.597079882124172
"167"	119	56	7607	0	"UHNcntrl0005479"	"SA2"	NA	0.295719629866422	0.474622270856896	0.464373546646231	0.624734280600897	1.16215428236188	1.28358805597714
"168"	75	53	5268	0	"UHNhscpg0004870"	"53_C_9"	NA	0.616773782947572	0.824740619093882	0.574946410264698	0.512440733161728	0.220615515546738	0.252728709299598
"169"	79	30	4797	0	"UHNhscpg0012160"	"81_D_3"	NA	0.666616443743906	1.47958199667999	1.49407228481364	0.957089023469062	0.0594256909474034	0.759877363021051
"170"	141	44	9323	0	"UHNhscpg0003199"	"35_E_5"	NA	0.690430396330404	1.36720163419623	0.51624631148789	0.450184204277498	0.355672285393741	0.583236751547648
"171"	163	12	9947	0	"UHNhscpg0007049"	"76_F_5"	NA	0.871929356844559	1.26958827826195	0.723235318808483	0.948665663881028	0.392121534136569	0.12046775321212
"172"	70	8	4375	0	"UHNhscpg0001313"	"15_B_3"	NA	0.607309678853861	0.903068456238351	0.325181085741004	0.362734797158415	0.604702886383789	0.26214870768942
"173"	31	2	1297	0	"UHNhscpg0010464"	"113_H_1"	NA	-0.40062643363281	-1.12154535670413	-0.935924077818401	-0.373853709370238	-0.327147995752885	-0.549495655963224
"174"	98	35	6178	0	"UHNhscpg0009668"	"104_E_9"	NA	0.481767852634281	0.999057372931416	0.210597317264853	0.403007040149319	0.485984534068074	0.858024110787881
"175"	130	61	8604	0	"UHNhscpg0007553"	"82_C_10"	NA	1.02023003508044	0.635742691214217	0.119256044843556	1.02743069230361	0.363340538770645	0.751735432241377
"176"	102	23	5974	0	"UHNcntrl0005592"	"SA2"	NA	0.728801909698269	0.2818858448007	0.435558957210365	0.218345682464317	0.908489637748252	0.795656001688259
"177"	79	16	4527	0	"UHNhscpg0007623"	"83_B_3"	NA	0.912001035151038	1.29374787611959	0.786207735729748	0.672269538451667	0.168644063440514	0.366727814716349
"178"	27	47	1790	0	"UHNhscpg0006992"	"76_A_7"	NA	1.28709048052018	0.95279298254593	0.616299116138151	1.32339754826361	0.0492550184842919	0.621957759701704
"179"	13	18	465	0	"UHNhscpg0009408"	"101_H_1"	NA	-0.983240567470062	-0.373621684308127	-0.546652153154405	-0.824591769451196	-0.133194523847166	-0.616788942088156
"180"	61	38	3957	0	"UHNhscpg0007373"	"80_C_2"	NA	0.388134481538168	0.724820314024662	0.250723916271458	0.706457312559026	0.233636132900193	0.748917968348701
"181"	187	8	11143	0	"UHNcntrl0005685"	"SA2"	NA	0.694353532936866	0.354572101510238	0.409541949264941	0.393299770410242	1.11097049346922	0.422694088549539
"182"	126	36	8259	0	"UHNhscpg0005162"	"56_E_4"	NA	-0.910210566290425	-1.11012485230769	-0.810710004902571	-1.09360935861133	-0.231072625822197	-0.169161915934959
"183"	68	7	3526	0	"UHNcntrl0005783"	"SA2"	NA	0.68723016779262	0.406636805060643	0.13259448821931	0.71094836066111	1.26454251928093	0.971050543125225
"184"	58	36	3907	0	"UHNhscpg0005160"	"56_E_2"	NA	-1.65059465286095	-1.12173877633248	-0.97959323006058	-1.4258674251433	0.0414442911372523	-0.671547974386961
"185"	119	6	6789	0	"UHNcntrl0005707"	"SA2"	NA	0.569768319030883	0.380971280934897	0.249734490908414	0.552712771370629	1.21380967403112	1.05010280608058
"186"	108	55	7430	0	"UHNhscpg0004092"	"45_A_10"	NA	0.396843607303742	0.934565170399367	0.661204010208227	0.465549213839591	0.286331011644773	0.312342658431939
"187"	17	56	1079	0	"UHNcntrl0005476"	"SA2"	NA	0.508738747857601	0.356153568062885	0.102904668726183	0.753830325077125	0.640443976107298	0.795694191757038
"188"	3	1	32	0	"UHNhscpg0002121"	"23_H_7"	NA	-0.454664560390121	-0.858433031446802	-0.80910609159595	-0.188170530766005	-0.668777845078457	-0.281553037767958
"189"	136	40	8423	0	"UHNcntrl0005767"	"SA2"	NA	0.63419613810302	0.484351689451286	0.332773112891804	0.496404806964479	1.396968473462	0.630023384332253
"190"	143	30	9085	0	"UHNhscpg0004501"	"49_D_5"	NA	1.04419716732501	0.900607875723178	0.890466286502777	0.999444630654289	0.172822745978325	0.190159508710382
"191"	89	41	6040	0	"UHNhscpg0002580"	"28_G_9"	NA	-0.503005048179629	-0.99901707246989	-0.329127067595628	-0.275680555540063	-0.401231645244163	-0.717897173914977
"192"	153	5	8964	0	"UHNcntrl0005714"	"SA2"	NA	0.748374790152974	0.290024509500196	0.716727121426974	0.197416669038108	1.2788446998401	0.948660714715899
"193"	85	39	5158	0	"UHNcntrl0005676"	"SA2"	NA	0.738575948000399	0.707452635137139	0.347296145356335	0.0794969402311825	0.921670435316184	0.638948915450433
"194"	41	56	3095	0	"UHNhscpg0004839"	"53_A_2"	NA	-0.39259174021362	-0.900966464869546	-0.609315413867776	-0.474911494598972	-0.118000881135899	-0.650227835800335
"195"	128	23	8022	0	"UHNhscpg0006448"	"70_B_10"	NA	0.459578133174002	1.27710804141554	0.701377821480568	0.500143065313338	0.199283806209721	0.704784458705159
"196"	119	5	6788	0	"UHNcntrl0005713"	"SA2"	NA	0.646507933989694	0.268834773772967	0.341479166942117	0.443499416938348	1.19828591276392	0.907831937545536
"197"	136	53	8692	0	"UHNcntrl0005605"	"SA2"	NA	0.49838967791513	0.392637066713101	0.328818447931132	0.270453921792464	1.00284656722238	0.746339620362368
"198"	117	64	7583	0	"UHNhscpg0010479"	"114_A_4"	NA	0.362740258939528	1.44456159607025	0.38239068144631	0.544958385665135	0.62378892156608	0.732841810708578
"199"	14	34	753	0	"UHNhscpg0010356"	"112_G_1"	NA	-1.22317605458954	-0.605976434725044	-0.635873150784864	-0.446521946135869	-0.649231854407869	-0.155394034588304
"200"	171	7	10886	0	"UHNhscpg0000584"	"7_B_12"	NA	0.487948961850936	0.870429624476834	0.58783267455803	0.617938486743258	0.122186399580315	0.35649136475975
"201"	35	64	3007	0	"UHNhscpg0000002"	"1_A_2"	NA	-0.850129896470715	-0.541617500643294	-0.880371528371255	-0.634822840840673	-0.148206643442933	-0.276235631495982
"202"	153	8	8967	0	"UHNcntrl0005684"	"SA2"	NA	0.47560443855142	0.253902773862583	0.500411724836848	0.33136043904376	1.09560173759443	0.785764688310234
"203"	174	40	11479	0	"UHNhscpg0002788"	"31_A_6"	NA	0.725372279281171	1.27891952200451	0.288572183772359	0.529693200385005	0.360698805742391	0.560654900547169
"204"	107	43	7146	0	"UHNhscpg0003204"	"35_E_10"	NA	0.639815292214481	1.61800898098582	0.680766248573732	0.544783646603484	0.252388870425362	0.808517191466345
"205"	109	7	6630	0	"UHNhscpg0005042"	"55_B_10"	NA	0.33871399899289	0.996384777058829	0.46520072012855	0.847356585348878	0.343280144929372	0.312739198094333
"206"	45	47	2894	0	"UHNhscpg0007617"	"83_A_8"	NA	0.540599946332783	1.05773009732688	0.775295185316169	0.312918860519749	0.357159275103561	0.302813518961962
"207"	175	43	11498	0	"UHNhscpg0003206"	"35_E_12"	NA	0.607527917960279	1.34857362747772	0.577808932987647	0.419553104182045	0.257176914355185	0.637934922993887
"208"	93	56	6375	0	"UHNhscpg0005671"	"62_A_3"	NA	0.510578352494479	0.626832269988325	0.199380143070904	0.352737679543184	0.420640628220966	0.967657999940695
"209"	141	30	9053	0	"UHNhscpg0003002"	"33_D_5"	NA	0.656683857726774	1.26171142951641	0.739102482918442	0.31508550521394	0.285482497947617	0.48181195073135
"210"	79	45	5068	0	"UHNhscpg0007639"	"83_C_9"	NA	0.857055239972198	0.72829328910302	0.307447202490406	1.10406125044229	0.255853270626721	0.367023669631898
"211"	113	56	7511	0	"UHNhscpg0007791"	"85_A_4"	NA	0.415509461236773	0.788084282595394	0.480540739004189	0.179312992516669	0.352392179326293	0.894378725392807
"212"	8	25	392	0	"UHNhscpg0005289"	"57_H_7"	NA	-0.615338443072265	-0.421220996531138	-0.785868040919159	-0.0156849589829466	-0.6661796837606	-0.594875356384874
"213"	75	1	4448	0	"UHNhscpg0005109"	"55_H_9"	NA	0.743515089946746	0.764683408782018	0.779853463407937	0.741348045975815	0.0807214052077505	0.243255266327242
"214"	147	38	9413	0	"UHNhscpg0008008"	"87_C_5"	NA	1.07082124683521	0.333919840777281	0.367307351984552	0.715019585128973	0.401585292641277	0.353910159070226
"215"	17	54	1077	0	"UHNcntrl0005500"	"SA2"	NA	0.706700587211715	0.410230617422938	0.082207193248621	0.814099526878314	0.496945956954274	1.08471507873577
"216"	155	11	9818	0	"UHNhscpg0001086"	"12_F_11"	NA	0.131785806710026	0.63575693389782	0.526282474332502	0.742932064210041	0.248917754981205	0.854920828136418
"217"	9	47	686	0	"UHNhscpg0006149"	"67_A_7"	NA	-0.506224674088076	-0.867573273342446	-0.605936024329546	-0.935854304461817	-0.139995828544649	-0.288781597544139
"218"	150	28	9195	0	"UHNhscpg0009772"	"106_F_5"	NA	0.4839187822302	1.24829657577229	0.645096040431284	0.179705928707131	0.734520453298064	0.410422437243
"219"	146	42	9401	0	"UHNhscpg0006967"	"75_G_5"	NA	1.47024315307697	0.922174482226909	0.267842914035612	0.330259138039073	0.681672614244624	0.586540446888105
"220"	158	47	10414	0	"UHNhscpg0003252"	"36_A_11"	NA	0.763121163300232	1.57119481946082	0.9619486938942	0.598226792288276	0.364479045368272	0.256871827141216
"221"	141	48	9327	0	"UHNhscpg0003152"	"35_A_5"	NA	0.512377093829043	1.48624335749231	0.629314266214495	0.318574719731135	0.382187792519805	1.22197446356322
"222"	47	10	2377	0	"UHNhscpg0009217"	"99_H_2"	NA	-0.573590305010466	-1.08451991791119	-0.615516376606479	-0.52850359307128	-0.5097955235355	-0.0701829594478696
"223"	113	9	6696	0	"UHNhscpg0007695"	"83_H_10"	NA	0.909938843655452	0.574964934387101	0.213172127635488	0.972696874867536	0.32091247954539	0.344249161265667
"224"	160	35	10434	0	"UHNhscpg0005167"	"56_E_11"	NA	-0.433914562210379	-1.15659816609136	-1.31985247303572	-0.699413793055632	-0.261063429471493	-0.334765827179988
"225"	187	23	11414	0	"UHNcntrl0005499"	"SA2"	NA	0.466145311579423	0.48977705528262	0.362517169771607	0.332169716723179	1.34871890363204	0.762068420282532
"226"	197	8	12119	0	"UHNhscpg0007367"	"80_B_6"	NA	0.447370806261848	1.02978711927047	0.361619121222622	0.510213640444958	0.160033364050385	0.620853209567317
"227"	102	8	5703	0	"UHNcntrl0005778"	"SA2"	NA	0.424243178711027	0.134753639885522	0.447533658471894	0.59263406434796	1.15838800334878	0.712232130002418
"228"	141	14	8781	0	"UHNhscpg0003187"	"35_D_5"	NA	0.578555641413734	1.1212915476229	0.694697975724448	0.321847046138107	0.120473846462591	0.605876512692319
"229"	175	61	11772	0	"UHNhscpg0002997"	"33_C_12"	NA	0.635511931237566	1.50622382604391	0.599002287508874	0.591437937807907	0.538999978141689	0.214106575564072
"230"	136	7	7878	0	"UHNcntrl0005785"	"SA2"	NA	0.365477261623077	0.169458299976524	0.44731954672563	0.523024970350006	1.12747132943246	0.855559117811003
"231"	13	42	745	0	"UHNhscpg0009204"	"99_G_1"	NA	-0.70657802284615	-1.00994471783354	-0.738923026053779	-0.711276677066028	-0.252203060388343	-0.0664293581791089
"232"	119	55	7606	0	"UHNcntrl0005485"	"SA2"	NA	0.120799094380551	0.361517390269482	0.553113056628732	0.553053148577799	1.04769555610804	1.12572434296587
"233"	6	14	93	0	"UHNhscpg0003927"	"43_D_1"	NA	-0.396973949757774	-1.19886803150004	-0.35696695801283	-0.437203527806288	-0.419586665840336	-0.472359377118028
"234"	107	47	7150	0	"UHNhscpg0003156"	"35_A_10"	NA	0.436137296833611	1.39203922419382	0.569027457506698	0.218260494516848	0.504197392526498	0.727413463347521
"235"	153	54	9781	0	"UHNcntrl0005504"	"SA2"	NA	0.554229428127336	0.400134705740346	0.336113875440635	0.322800761868907	1.20808569481792	1.25566072489503
"236"	68	5	3524	0	"UHNcntrl0005807"	"SA2"	NA	0.723309765541146	0.23009942878798	0.105309925935444	0.617501168177267	1.01311748612183	0.666779887675752
"237"	54	37	3844	0	"UHNhscpg0012001"	"24_C_8"	NA	0.644331045006071	1.09793402361748	0.818404384754029	0.629978707056923	0.0276021329245406	0.363512892202124
"238"	51	40	2983	0	"UHNcntrl0005669"	"SA2"	NA	0.688033697247674	0.132404681615787	0.222237245733297	0.523951272523803	0.975230688485432	0.657743499686436
"239"	164	45	10508	0	"UHNhscpg0007729"	"84_C_11"	NA	0.639147148679095	1.26895042595632	0.346266482020223	0.426092880206262	0.274958492145007	0.557614961983116
"240"	1	10	9	0	"UHNhscpg0000275"	"3_H_1"	NA	-1.39221032848692	-1.08218950105003	-0.230224649996279	-0.944913792152747	-0.388638249767997	-0.316232198711326
"241"	175	45	11500	0	"UHNhscpg0003182"	"35_C_12"	NA	0.835236745603787	1.53711098644924	0.639476755539448	0.418854713198593	0.588980863593354	0.196293296193179
"242"	141	46	9325	0	"UHNhscpg0003175"	"35_C_5"	NA	0.683734933072436	1.37411848141115	0.536815819030009	0.536649701077211	0.190437171795862	0.447039116221745
"243"	8	64	943	0	"UHNhscpg0005201"	"57_A_1"	NA	-0.861749797310024	-0.732890551517402	-0.345594730049578	-0.721888905567246	-0.30704395408946	-0.111595121983141
"244"	61	47	3966	0	"UHNhscpg0006993"	"76_A_8"	NA	1.33740868318955	0.983706884431754	1.11135663117424	2.48391813290959	0.362919751007098	0.359763752383945
"245"	90	45	6060	0	"UHNhscpg0003274"	"36_C_9"	NA	0.905058366042681	1.78697768308271	0.616545216013817	0.698635073084114	0.125862795759454	0.6848974054598
"246"	119	40	7335	0	"UHNcntrl0005671"	"SA2"	NA	0.546328692467091	0.0640826626120532	0.306750257783412	0.630723375889819	1.04155965918226	0.79333935296936
"247"	175	46	11501	0	"UHNhscpg0003176"	"35_C_6"	NA	0.731764685917787	1.63514341099244	0.586217761170005	0.391422869697339	0.294709015158618	0.671211926774355
"248"	124	16	7695	0	"UHNhscpg0003257"	"36_B_4"	NA	0.659266633379492	1.16961032182528	0.66627307631231	0.5676914445487	0.0222725666061105	0.454600146515086
"249"	61	31	3694	0	"UHNhscpg0006822"	"74_B_8"	NA	0.695538405560497	0.615369374043157	0.923258866277813	0.730168628412482	0.105497978238844	0.174953138295923
"250"	180	16	11039	0	"UHNhscpg0006911"	"75_B_6"	NA	1.04582321304376	1.10459285541795	0.0239249289170669	0.437165304348744	0.51458885697699	0.633181544183795
"251"	158	12	9867	0	"UHNhscpg0003304"	"36_F_5"	NA	1.19714528662571	1.73443407569121	0.99940039947224	0.544982413747281	0.03362179453522	0.599419231563132
"252"	45	63	3166	0	"UHNhscpg0007446"	"81_A_8"	NA	1.65267840520913	0.623273254349503	0.0844618585793899	2.01656763920195	0.760802530017077	0.86291773188264
"253"	1	57	824	0	"UHNhscpg0000079"	"1_G_7"	NA	-1.45789523249159	-0.250385104515706	-0.661299859099577	-1.15822957969095	-0.702046048658737	-0.187106985986309
"254"	175	13	10956	0	"UHNhscpg0003194"	"35_D_12"	NA	0.364690256228576	1.29996486707971	0.715457832851069	0.0417137563626824	0.606941942731996	0.974403024757336
"255"	178	51	11810	0	"UHNhscpg0005633"	"61_E_12"	NA	0.519534259365798	0.539483014573099	0.304904548643883	0.293854159339501	1.06578976137305	1.47547504551422
"256"	73	27	4698	0	"UHNhscpg0003030"	"33_F_9"	NA	0.237291469211426	1.40560076487056	0.89252646201715	0.264740193227757	0.522412384997873	0.632998315020075
"257"	119	37	7332	0	"UHNcntrl0005701"	"SA2"	NA	0.559696394018765	0.242411900911161	0.152235221183066	0.533256991527358	1.09567150416544	0.663079057015661
"258"	1	21	276	0	"UHNhscpg0000419"	"5_D_7"	NA	-0.858979272865255	-1.00014133579984	-0.306691973391768	-0.608562678161658	-0.422633871850486	-0.0902798781072782
"259"	112	44	7227	0	"UHNhscpg0006944"	"75_E_4"	NA	0.922258943013086	0.887774403032921	0.502947452205436	0.950867995593244	-0.0423678993537173	0.399709865237188
"260"	136	39	8422	0	"UHNcntrl0005773"	"SA2"	NA	0.633445340312296	0.428372014331281	0.218446431546504	0.338297752584852	1.39907785643766	0.935519774953347
"261"	133	49	8640	0	"UHNhscpg0010269"	"111_G_10"	NA	0.75615313889641	1.36035126427786	0.584607793527532	0.207658645276435	0.174443985715358	1.00926446172705
"262"	38	39	2774	0	"UHNhscpg0012014"	"31_A_8"	NA	0.954190152902227	0.852092652669139	0.548745404399925	0.741436469376927	-0.0137240507932006	0.321502696701524
"263"	21	3	1138	0	"UHNhscpg0002934"	"32_F_7"	NA	-0.196734553146831	-1.25095240956075	-0.74240153995925	-0.439744008666782	-0.349747445372861	-0.494422675367012
"264"	107	29	6876	0	"UHNhscpg0003007"	"33_D_10"	NA	0.718994720694152	1.42797342246204	0.678397503510974	0.112704493981548	0.326801708903208	0.707808307614991
"265"	190	16	12015	0	"UHNhscpg0001773"	"20_B_6"	NA	-0.190712557843176	-1.02312577004866	-0.938774501812572	-0.48760908710463	-0.159102241840831	-0.591272463528558
"266"	187	22	11413	0	"UHNcntrl0005517"	"SA2"	NA	0.548503750558815	0.412776344895461	0.323179183576539	0.244518652678192	1.27187123606775	0.64090074206309
"267"	112	13	6684	0	"UHNhscpg0006938"	"75_D_10"	NA	0.315525543603149	0.966241330351219	0.178366209536959	0.791397593230346	0.312340864632413	0.46601211221676
"268"	141	29	9052	0	"UHNhscpg0003008"	"33_D_11"	NA	0.729981957657861	2.0325492902503	1.15667635014084	0.53259068875454	0.32371627883454	0.501056500841097
"269"	138	46	9277	0	"UHNhscpg0000955"	"11_C_5"	NA	0.0228858741165521	0.434208587218723	0.342869904559585	0.870266353315767	0.577489621737124	0.788952225776852
"270"	14	26	489	0	"UHNhscpg0009792"	"106_H_1"	NA	-0.704797008390479	-0.914596278708913	-0.670332595589086	-0.648950143173257	-0.470257296079538	0.109048660980591
"271"	197	64	12943	0	"UHNhscpg0006808"	"74_A_6"	NA	0.695813860448979	1.03492263115745	0.254740082932678	1.56967465086441	0.454335596511068	0.319975043172061
"272"	51	38	2981	0	"UHNcntrl0005693"	"SA2"	NA	0.802818732668175	0.225288480282646	0.12282264466689	0.475693197717046	1.11659518874447	1.13698161255227
"273"	56	12	3339	0	"UHNhscpg0003301"	"36_F_2"	NA	0.476146396144431	1.22902299853666	0.803204615431016	0.44228889314506	-0.00907772254437234	0.81593990893653
"274"	113	45	7244	0	"UHNhscpg0007640"	"83_C_10"	NA	0.880579900481829	1.4277103696641	0.669736249840199	0.853388913962908	0.0270578276073845	0.331164005847008
"275"	119	39	7334	0	"UHNcntrl0005677"	"SA2"	NA	0.533427199119009	0.192507672274347	0.218846305092235	0.516007782496349	1.12976600849456	1.1034922659823
"276"	187	21	11412	0	"UHNcntrl0005523"	"SA2"	NA	0.629290545093795	0.386795712340739	0.21931229916277	0.318610921767455	1.21564205046913	0.548931799978069
"277"	34	56	2167	0	"UHNcntrl0005572"	"SA2"	NA	0.603788315193146	0.436078230810132	-0.0550472804378632	0.761407243655091	0.508476678319878	0.924076641419823
"278"	153	38	9509	0	"UHNcntrl0005696"	"SA2"	NA	0.817719834337137	0.461532812134852	0.152296299382318	0.250868456187483	1.34673973865817	1.00908494869316
"279"	98	33	6176	0	"UHNhscpg0009692"	"104_G_9"	NA	0.86101600141547	0.902673992484715	0.467004622677415	0.473107320887598	-0.079066078582068	1.02241769814983
"280"	147	42	9417	0	"UHNhscpg0012185"	"83_G_5"	NA	1.16512086746766	1.2223032123457	0.650747681987578	-0.000874643837621925	0.265374745876018	0.962847352591545
"281"	13	21	468	0	"UHNhscpg0009366"	"101_D_7"	NA	-1.21123498302422	-0.501458662758232	-0.43013130079459	-0.475608432543462	-0.376741055961702	-0.224660041653159
"282"	136	54	8693	0	"UHNcntrl0005599"	"SA2"	NA	0.600891945577143	0.520363371763777	0.337098456925551	0.0456748185850664	1.16520715448724	0.985087396328783
"283"	51	23	2710	0	"UHNcntrl0005495"	"SA2"	NA	0.909915819351745	0.362292531311859	0.551395873896514	0.580386195101362	-0.0393798266991521	0.782939141602972
"284"	90	13	5516	0	"UHNhscpg0003285"	"36_D_9"	NA	0.150114291827295	1.52679229865608	0.777283168407463	0.437609345091177	0.50894468306192	0.62744815130668
"285"	150	34	9457	0	"UHNhscpg0010360"	"112_G_5"	NA	0.894482135460853	1.558461936208	0.44715568315406	0.387847324602173	0.106945421231575	1.09288644272865
"286"	164	10	9961	0	"UHNhscpg0012192"	"84_H_5"	NA	1.23671078645789	0.952949783538656	0.363151513863421	0.728617993254403	0.200026474509832	0.233943516146416
"287"	102	5	5700	0	"UHNcntrl0005808"	"SA2"	NA	0.681312452202087	0.30330279153007	0.0910291458237982	0.524645153885503	1.32954160833136	0.958630589362839
"288"	102	7	5702	0	"UHNcntrl0005784"	"SA2"	NA	0.546460608450976	0.281738804797929	0.368705893073454	0.220303351324467	1.19128608382983	1.08445976942187
"289"	170	40	10599	0	"UHNcntrl0005768"	"SA2"	NA	0.572403164876288	0.350120955126691	0.201475912477665	0.384275757777642	1.30150913550428	0.688983664302727
"290"	85	40	5159	0	"UHNcntrl0005670"	"SA2"	NA	0.637580413667763	0.436778043748998	0.0900930234065083	0.462231905530832	1.10929964965603	0.409097341626223
"291"	153	53	9780	0	"UHNcntrl0005510"	"SA2"	NA	0.532752104014733	0.341393154063438	0.357519457473726	0.25386163506322	1.35774904688396	1.08577507590849
"292"	13	38	741	0	"UHNhscpg0009540"	"103_C_1"	NA	-0.204946561270027	-1.20920513119481	-0.853358057133049	-0.423773493294783	-0.198399870867801	-0.628727961108286
"293"	76	13	4476	0	"UHNhscpg0005435"	"59_D_9"	NA	0.210524243839643	0.964779800889096	0.403700821425296	0.263288981674739	0.375209613432874	0.97344012572696
"294"	170	22	10325	0	"UHNcntrl0005612"	"SA2"	NA	0.565742616314381	0.835090338266575	0.107790875264973	0.400715173790115	1.19665544370822	0.351730910324964
"295"	119	8	6791	0	"UHNcntrl0005683"	"SA2"	NA	0.514814283592541	0.0856531962074953	0.350260163607542	0.420122277059914	1.07597468601643	0.66125977618036
"296"	34	55	2166	0	"UHNcntrl0005578"	"SA2"	NA	0.536131021155466	0.347948382006701	0.0750240363923957	0.670538449733346	0.612637323233834	1.26501687395855
"297"	82	4	4563	0	"UHNhscpg0010346"	"112_F_3"	NA	0.981352965008002	0.562675745471264	0.655802757463741	0.187937085665626	0.0627050798157605	0.686779018819912
"298"	7	8	103	0	"UHNhscpg0012079"	"55_B_1"	NA	-0.838625843790966	-0.801328749714189	-0.189861079890763	-0.898971294134746	-0.623997976015925	0.00153072377977104
"299"	34	53	2164	0	"UHNcntrl0005602"	"SA2"	NA	0.615127166909453	0.438892667453581	-0.0647889556206387	0.594104995631673	0.740506593998596	1.14205223164854
"300"	1	48	559	0	"UHNhscpg0000193"	"3_A_1"	NA	-1.61419436167595	-0.515545597098427	-0.640530355621957	-0.796218846838572	-0.300944761010326	-0.269323049377724
"301"	163	3	9938	0	"UHNhscpg0007415"	"80_F_11"	NA	0.640405365410082	0.995891792221334	0.65688329923351	0.378628051759142	0.0408144977633516	0.331371516799576
"302"	73	48	4975	0	"UHNhscpg0003150"	"35_A_3"	NA	0.508417008707172	1.13482606013177	0.531135936389241	0.21953793077167	0.231522256841103	0.437548036326648
"303"	38	47	2782	0	"UHNhscpg0002413"	"27_A_8"	NA	0.810157105872037	0.875082506166247	0.709138103243427	0.542638931758582	0.232417731927828	-0.0109802611492364
"304"	51	22	2709	0	"UHNcntrl0005513"	"SA2"	NA	0.783448863170772	0.0702403089858894	0.353305137692871	0.561775633896303	0.354708298672723	1.07491368222348
"305"	158	13	9868	0	"UHNhscpg0003287"	"36_D_11"	NA	0.916879119701512	2.32469556675892	0.808879331216938	0.193363293171031	0.440393017155266	1.18478622578074
"306"	147	32	9151	0	"UHNhscpg0012158"	"81_B_5"	NA	0.8116835169638	0.974735137652343	0.58470069855625	1.9431017065695	0.417357626518798	0.195339424938933
"307"	70	45	4924	0	"UHNhscpg0000959"	"11_C_9"	NA	0.135931152952166	1.16184805622292	0.431097286246636	0.361001622469024	0.421065104223283	0.645979685011195
"308"	141	63	9598	0	"UHNhscpg0002972"	"33_A_11"	NA	0.528721989883712	1.76349647063691	0.706572495423959	0.387743440886494	0.357625414018226	0.560459587034627
"309"	124	45	8236	0	"UHNhscpg0003275"	"36_C_10"	NA	0.59047868055417	1.61899159990562	0.755303080361644	0.260216844490571	0.342705515961178	0.495101568663507
"310"	26	17	1488	0	"UHNhscpg0006517"	"70_H_7"	NA	0.491805019184987	1.06397356097333	0.813703665191655	0.256619854999341	0.0953879500380221	0.446328474020206
"311"	146	58	9673	0	"UHNhscpg0006785"	"73_G_5"	NA	0.232392965513876	0.976787133291934	0.413471980291309	0.59086754684601	0.10660682520284	1.07661479072851
"312"	119	7	6790	0	"UHNcntrl0005689"	"SA2"	NA	0.576638182874049	0.200700307701799	0.244410782161415	0.336153672846606	1.19878426366389	1.02934847755086
"313"	153	39	9510	0	"UHNcntrl0005678"	"SA2"	NA	0.675404186418817	0.289117449095381	0.101783602660593	0.465422958503352	1.38409592125059	1.03078103355902
"314"	119	38	7333	0	"UHNcntrl0005695"	"SA2"	NA	0.427377761741871	0.21859465202907	0.181733645844316	0.526449340617571	1.21212039299288	0.997777390717129
"315"	51	39	2982	0	"UHNcntrl0005675"	"SA2"	NA	0.472186101904184	0.0121971281309197	0.296363949366556	0.643367182098871	1.09533632805671	1.01061985758493
"316"	4	40	599	0	"UHNhscpg0002783"	"31_A_1"	NA	-0.691525998222119	-1.03433199404383	-0.745562894111364	-0.150105620138092	-0.208970951747377	-0.297261440733536
"317"	34	54	2165	0	"UHNcntrl0005596"	"SA2"	NA	0.460904937544372	0.377421147853868	-0.0418031289613108	0.776066887515835	0.55725011609864	0.985306717638306
"318"	17	53	1076	0	"UHNcntrl0005506"	"SA2"	NA	0.379237226524936	0.409595607576909	0.402426888261219	0.0645619920553848	0.842020761737972	1.06383562035225
"319"	181	64	11871	0	"UHNhscpg0007444"	"81_A_6"	NA	0.603264708108776	0.885300176548738	-0.170754287155964	1.25983978377337	0.516531720702782	0.825107408473685
"320"	61	6	3413	0	"UHNhscpg0007385"	"80_D_2"	NA	0.416320371193306	0.704562505749324	1.02949707469931	0.449986570862805	-0.0716450559002428	0.678312642571994
"321"	136	37	8420	0	"UHNcntrl0005797"	"SA2"	NA	0.577031253959577	0.369784175029384	-0.023728360368235	0.506549133440654	1.17121318084212	0.891595365635149
"322"	155	29	10092	0	"UHNhscpg0000878"	"10_D_11"	NA	0.565807887890848	1.06808957447071	0.306230311576718	0.458511511079643	0.598744616202946	0.0407426244478062
"323"	187	56	11959	0	"UHNcntrl0005481"	"SA2"	NA	0.531550256015784	0.294384599478189	0.239472194475468	0.219987657191004	1.14712879118263	0.710794916387325
"324"	10	31	430	0	"UHNhscpg0006727"	"73_B_7"	NA	0.728407641536085	0.739936976874485	0.675264458944174	0.892722981737146	0.00386695974998297	0.13508640909048
"325"	45	60	3163	0	"UHNhscpg0012161"	"81_E_2"	NA	1.14791594846171	0.516440587760913	0.422965201002764	2.29867125053692	0.712028872599773	0.46160361294208
"326"	136	23	8150	0	"UHNcntrl0005593"	"SA2"	NA	0.554284079809037	0.191092779865688	0.294237078636367	0.376260847584495	1.31455267133048	1.23117452855306
"327"	61	52	4227	0	"UHNhscpg0007218"	"78_E_2"	NA	0.398337783289191	1.16989010471163	0.742742181668694	0.939142353729743	0.188276960335278	0.108473347422567
"328"	115	17	6992	0	"UHNhscpg0009417"	"101_H_10"	NA	0.0496813168576029	-0.802049289094256	-0.326730863349512	-0.639265267391417	-0.89591050210568	-0.429424536404758
"329"	56	46	3885	0	"UHNhscpg0003267"	"36_C_2"	NA	0.735066730344416	1.47404785718967	0.824258387060079	0.524241254454711	0.00287412266445308	0.393392336980979
"330"	170	56	10871	0	"UHNcntrl0005576"	"SA2"	NA	0.478443838855847	0.482293731214346	0.261908002773017	0.126381165515015	1.23465327686161	0.71265159614263
"331"	90	12	5515	0	"UHNhscpg0003302"	"36_F_3"	NA	0.211743086230875	1.30538827548573	0.650769796882832	0.458568838862535	0.12174190675951	0.809581694406019
"332"	90	43	6058	0	"UHNhscpg0003296"	"36_E_9"	NA	0.22460282006902	1.2528477868097	0.73614182220664	0.303312885885687	0.187666658952804	0.710066444252874
"333"	170	5	10052	0	"UHNcntrl0005810"	"SA2"	NA	0.439455954336696	0.270474925341311	0.448890437803055	0.153864619313325	1.22532310774934	0.677873388684555
"334"	18	44	1643	0	"UHNhscpg0000332"	"4_E_1"	NA	-0.798703688764975	-0.190342333953643	-0.324468929839131	-0.9299650440917	-0.970875528003991	-0.0829839985936758
"335"	85	5	4612	0	"UHNcntrl0005712"	"SA2"	NA	0.642591201982597	0.225820349442939	0.280204276601651	0.261271871161025	1.37956830463972	0.93460190035605
"336"	192	15	12046	0	"UHNhscpg0003265"	"36_B_12"	NA	0.658655736227205	1.06639600241451	0.66366069821953	0.344548514177818	0.193380584049933	0.1220093483531
"337"	107	16	6607	0	"UHNhscpg0003162"	"35_B_4"	NA	0.751379564860857	0.956097490902536	0.550383220903797	0.619327100630374	-0.200815863981314	1.31490980496299
"338"	170	54	10869	0	"UHNcntrl0005600"	"SA2"	NA	0.352779768523012	0.505177987762547	0.332085298671348	0.223546131292167	1.37342858824542	0.641807915608979
"339"	90	44	6059	0	"UHNhscpg0003291"	"36_E_3"	NA	1.06142266898142	2.24677827276606	0.733472548561497	0.451177738360167	0.327604923603243	0.528269864689173
"340"	153	22	9237	0	"UHNcntrl0005516"	"SA2"	NA	0.567337832480151	0.201055296367558	0.116722274639887	0.53618805340404	1.36416505566667	1.04782311375267
"341"	158	45	10412	0	"UHNhscpg0003276"	"36_C_11"	NA	1.20703299287419	2.32639885506693	0.649127956276644	0.594277330687227	0.113242709290766	0.787356830663203
"342"	93	48	6111	0	"UHNhscpg0012097"	"60_A_3"	NA	1.0894775226987	0.420232045016411	0.331536381158585	1.52837315145243	0.148414643872974	0.562930540425247
"343"	136	21	8148	0	"UHNcntrl0005617"	"SA2"	NA	0.5286450677893	0.156586926843582	0.256617325315162	0.410228286804545	1.29070997757628	1.21663992466786
"344"	187	55	11958	0	"UHNcntrl0005487"	"SA2"	NA	0.333330738489472	0.382547167811289	0.20082896067011	0.294929579073072	1.21291742742937	0.827153475181591
"345"	141	43	9322	0	"UHNhscpg0003205"	"35_E_11"	NA	0.614284269863919	2.1343781763128	0.923043349540539	0.257687100289777	0.299802580730036	0.918016177210513
"346"	121	39	8182	0	"UHNhscpg0001401"	"16_A_10"	NA	-0.0398203673181197	1.05006753129095	0.833264347210321	1.03498773386097	0.0921089400935493	1.35598261413044
"347"	15	1	224	0	"UHNhscpg0011142"	"120_H_7"	NA	-0.557062778396952	-0.48754719941828	-1.5011501612624	-0.535672628056073	-0.769812295185325	0.00224825219822478
"348"	128	5	7748	0	"UHNhscpg0006663"	"72_D_10"	NA	-0.153559617069604	-1.01863878615371	-0.835024042664278	-0.483522874107916	-0.0447015557624049	-0.603271728245366
"349"	136	22	8149	0	"UHNcntrl0005611"	"SA2"	NA	0.80095737086069	0.118404767217507	0.23280040952648	0.298395571609996	1.22785616610696	1.19659117972475
"350"	204	5	12228	0	"UHNcntrl0005811"	"SA2"	NA	0.603599990804968	0.228314564311445	0.408449275108449	0.24108260593286	1.38252338420746	0.5661465542972
"351"	163	42	10489	0	"UHNhscpg0007060"	"76_G_5"	NA	0.93907638053617	1.10811199104316	0.0620738690920071	0.492720705841315	0.281930094527876	0.380143744768153
"352"	56	47	3886	0	"UHNhscpg0003249"	"36_A_8"	NA	0.325194396495661	1.12946910658531	0.555645982270601	0.962534586058288	-0.146855820472624	0.866942741503863
"353"	25	10	1209	0	"UHNhscpg0005563"	"60_H_1"	NA	-0.497829353120434	-0.403573080024257	-0.141400656123974	-0.282142156456047	-1.30838585276879	-0.698848275912104
"354"	136	38	8421	0	"UHNcntrl0005791"	"SA2"	NA	0.451523030844571	0.403165731481874	0.10897414673785	0.370669279579227	1.38718459794016	0.877678020089096
"355"	102	6	5701	0	"UHNcntrl0005802"	"SA2"	NA	0.726455410761599	0.183616505719488	0.0479173960307975	0.515154866989757	1.33546132086326	0.874376625068779
"356"	192	45	12588	0	"UHNhscpg0003277"	"36_C_12"	NA	0.646242446342681	2.02283533895626	0.622651815407066	0.182227988083183	0.331187994228006	1.2469159689857
"357"	82	58	5385	0	"UHNhscpg0009782"	"106_G_3"	NA	0.42542023546247	1.19613208257874	0.58841575999508	0.0811185015954834	0.21504872403456	0.715310702363205
"358"	1	40	551	0	"UHNhscpg0000561"	"7_A_1"	NA	-0.481192896800064	-1.15487693137497	-0.700987839159369	-0.347416463173603	-0.217589381505524	-0.152439128949446
"359"	78	7	4502	0	"UHNhscpg0007281"	"79_B_9"	NA	0.342117355799306	1.05922121686573	-0.183408554166132	0.828733923937541	0.59659284416756	1.02401903819618
"360"	2	28	299	0	"UHNhscpg0000800"	"9_F_1"	NA	0.207634901919745	0.43361293931725	0.496706722880112	1.52709005760759	0.267739387394307	0.86958201338949
"361"	1	7	6	0	"UHNhscpg0000579"	"7_B_7"	NA	-1.09552862715299	-1.30223180012485	0.0299514369273641	-0.70023175942506	-0.648632222783278	-0.181554434082607
"362"	153	37	9508	0	"UHNcntrl0005702"	"SA2"	NA	0.623428121275754	0.26885495786104	0.081334482265591	0.39583823076326	1.38720485656143	0.948083696512379
"363"	1	16	15	0	"UHNhscpg0000205"	"3_B_1"	NA	-0.91861236702551	-0.948525527290803	0.0597622925304062	-0.956146272070477	-0.645006129671136	-0.105285396443844
"364"	104	47	7102	0	"UHNhscpg0000937"	"11_A_10"	NA	-0.126324181524193	1.84680874012927	1.55611644443801	1.08553040420934	0.056220327484132	1.51498278847065
"365"	51	6	2437	0	"UHNcntrl0005705"	"SA2"	NA	0.867993730262461	0.11085771717695	0.0902622531457293	0.345834382343666	1.05646341517182	1.03527309274394
"366"	121	47	8190	0	"UHNhscpg0001030"	"12_A_10"	NA	-0.0700378510153534	1.56147453489793	1.0153236377612	1.12368488963407	0.0609383332540645	1.00676087504944
"367"	27	63	2062	0	"UHNhscpg0006809"	"74_A_7"	NA	1.82800403237083	0.80620507277561	0.326424792115946	2.24308013928432	0.0845056743395585	0.753813453911761
"368"	198	60	12955	0	"UHNhscpg0007571"	"82_E_6"	NA	0.624331506340086	1.25344770398027	0.258380768223361	0.228297647937073	0.61685948675531	0.19962890844309
"369"	150	26	9193	0	"UHNhscpg0009796"	"106_H_5"	NA	0.627768467016404	1.18568348423877	0.650127205097498	-0.0640613458390291	0.253293893367189	0.63617010390133
"370"	179	7	11014	0	"UHNhscpg0006546"	"71_B_12"	NA	0.490718947272949	1.27229681180204	0.49932697497189	0.0851162566016761	0.435789959984729	0.345464762598073
"371"	158	44	10411	0	"UHNhscpg0003293"	"36_E_5"	NA	0.485881845158943	1.16138036545548	0.561014662720558	0.0434421563170257	0.161310205334418	0.76796498422941
"372"	18	32	1375	0	"UHNhscpg0000109"	"2_B_1"	NA	-0.839888038840606	-0.510977701332784	-0.281810365090606	-1.09006331332412	-0.676255187341747	0.115524810281492
"373"	154	9	9800	0	"UHNhscpg0000376"	"4_H_11"	NA	0.496979685166206	1.13039503769667	0.933344326855837	0.137844898381198	0.223687360697749	0.264876354303974
"374"	155	3	9810	0	"UHNhscpg0001461"	"16_F_11"	NA	-0.0215417055929557	1.03390892868174	0.809150986282731	0.751392643490203	0.0290321556139652	0.809661460655734
"375"	121	55	8454	0	"UHNhscpg0001216"	"14_A_10"	NA	-0.111959951263964	1.08961628725858	0.871112483978868	0.841820380645066	0.0856292747080989	1.07929053041907
"376"	153	23	9238	0	"UHNcntrl0005498"	"SA2"	NA	0.591815345054165	0.215160452885014	0.154791006621911	0.276577178379554	1.29588874927118	0.865881108759258
"377"	91	37	6068	0	"UHNhscpg0004399"	"48_C_9"	NA	-0.135910986538956	-1.00236162475566	-1.03453754625802	-0.300039695656716	-0.214391394878195	-0.427752276430391
"378"	73	43	4970	0	"UHNhscpg0003203"	"35_E_9"	NA	0.445636837787935	1.35998618744715	0.635996630972247	0.20786161577438	0.194126139220515	0.453987816843622
"379"	148	43	9434	0	"UHNhscpg0008422"	"91_E_11"	NA	0.76184070618628	1.50628562171649	0.150823572225278	0.390285902600851	0.146621564621165	0.920231937178148
"380"	13	50	1009	0	"UHNhscpg0009396"	"101_G_1"	NA	-1.31785171747553	-0.148151767080609	-0.551066376661042	-0.968474532489399	-0.0806670534213758	-0.500312649325664
"381"	172	34	11441	0	"UHNhscpg0001373"	"15_G_6"	NA	0.0913942162681263	1.38874811319371	0.716753151394695	0.728947947039504	-0.0148340629076831	1.08813558537729
"382"	24	11	1194	0	"UHNhscpg0004808"	"52_F_7"	NA	0.858774335517165	0.781361952558438	0.699939519197073	0.0688262118751215	-0.0596141785967852	0.842222053020694
"383"	170	53	10868	0	"UHNcntrl0005606"	"SA2"	NA	0.390147679847265	0.753084807974867	0.419501906457437	0.00173170938890888	1.13776283344918	0.346592669015015
"384"	153	40	9511	0	"UHNcntrl0005672"	"SA2"	NA	0.45583624927267	0.548728219344792	0.0595679573246386	0.19560288976975	1.31518824632714	1.0242340803048
"385"	106	53	7396	0	"UHNhscpg0012009"	"29_C_10"	NA	0.719197180749189	0.949939855135788	0.444430664201944	0.760224098317213	-0.149962475109657	0.321569952786291
"386"	153	24	9239	0	"UHNcntrl0005492"	"SA2"	NA	0.769628800087558	0.103050033552593	0.104974011404323	0.424894743764224	1.3704789000714	0.839627822004791
"387"	141	64	9599	0	"UHNhscpg0002966"	"33_A_5"	NA	0.229480376008974	1.65975095394998	0.954130499262098	0.29889670352061	0.336490908261178	0.507128529348583
"388"	181	14	11053	0	"UHNhscpg0007648"	"83_D_6"	NA	0.869249080381648	1.01581454829269	0.446837472237243	0.137757805304314	0.519365658485659	0.0233893113063921
"389"	141	12	8779	0	"UHNhscpg0003211"	"35_F_5"	NA	0.711039776424837	1.73361435395105	1.2350789579325	0.0664318538826976	0.453448475400384	0.247738923229358
"390"	138	62	9549	0	"UHNhscpg0000771"	"9_C_5"	NA	0.019258325599214	0.398955226666027	0.243821023470247	1.04560725117143	0.478921703607989	1.17063688869354
"391"	27	45	1788	0	"UHNhscpg0007015"	"76_C_7"	NA	1.74338858984621	1.87310123324874	1.12498613143121	0.255572151101291	-0.297997280582661	1.04908186025212
"392"	141	62	9597	0	"UHNhscpg0002990"	"33_C_5"	NA	0.756851558399559	1.99226167882593	1.29609268756934	0.309707311580958	0.155659403674726	0.369864759320224
"393"	78	30	4781	0	"UHNhscpg0006747"	"73_D_3"	NA	0.935894883174468	0.704977523601297	1.04145641936367	0.137583237143234	0.0475524118921378	0.295210192435878
"394"	124	13	7692	0	"UHNhscpg0003286"	"36_D_10"	NA	0.437329891716857	1.44445883728666	0.336197030336978	0.762929183671083	0.0197870759235599	0.518131694041315
"395"	170	8	10055	0	"UHNcntrl0005780"	"SA2"	NA	0.494143815877559	0.273671065245466	0.427477710508141	0.0307069901294561	1.24753431858415	0.61376533295155
"396"	153	30	9245	0	"UHNcntrl0005324"	"Arabidopsis"	NA	0.781743201324913	1.57343044754205	0.748323737655713	0.251445710724255	0.117517334429889	0.326210388241321
"397"	27	14	1245	0	"UHNhscpg0007021"	"76_D_1"	NA	1.30536154311491	0.949295847835034	0.69468753288328	0.983679525654141	-0.26876432966988	0.312211654870661
"398"	107	15	6606	0	"UHNhscpg0003168"	"35_B_10"	NA	0.413874610219318	1.05690226057732	0.212692177632469	0.588632682062459	-0.0535126797657774	0.952131715294597
"399"	187	6	11141	0	"UHNcntrl0005709"	"SA2"	NA	0.412620388656	0.43262308332527	0.357846880529342	-0.0442870512471982	1.2265194022519	0.829339497155681
"400"	38	31	2510	0	"UHNhscpg0002233"	"25_B_8"	NA	1.09327104484902	1.0164405135885	0.248082580928902	0.501771668820512	-0.188646813036666	1.00521220213431
"401"	114	11	6714	0	"UHNhscpg0008433"	"91_F_10"	NA	0.0112206028835065	1.11519836919006	0.756542167541518	0.497126816923014	0.0473108643934577	1.14511143226808
"402"	22	15	1166	0	"UHNhscpg0003260"	"36_B_7"	NA	0.585288699435186	1.64983226730636	0.735866566000874	0.53420778421639	0.0389706256565852	0.318219049553903
"403"	13	9	200	0	"UHNhscpg0009222"	"99_H_7"	NA	-1.2449503275929	-0.784063025910369	-0.132248390708906	-0.537264341428413	-0.506887189070154	-0.0327209663678989
"404"	1	28	283	0	"UHNhscpg0000061"	"1_F_1"	NA	-1.3599479059412	-1.5953694293118	-0.516469039864726	-1.04149778153233	-0.639951836575559	0.367635993526664
"405"	1	26	281	0	"UHNhscpg0000085"	"1_H_1"	NA	-1.66487085113668	-1.51726474109313	-0.528532716423115	-1.26743752309225	-0.795062594784303	0.464467545880193
"406"	85	6	4613	0	"UHNcntrl0005706"	"SA2"	NA	0.748524775115817	-0.182843555754138	0.316074066755025	0.576477297514106	1.45464869400035	1.1731599606731
"407"	160	12	9899	0	"UHNhscpg0004806"	"52_F_5"	NA	0.8918282286423	0.988168895310192	1.27526457124132	-0.1012136439518	0.324075784841568	0.281470123805667
"408"	113	13	6700	0	"UHNhscpg0007651"	"83_D_10"	NA	0.612725860615466	1.33123259631632	0.922520583840905	0.341519081415635	0.0137760663358737	0.225940477176533
"409"	91	61	6348	0	"UHNhscpg0003827"	"42_C_9"	NA	-0.361260649356211	-1.04846877752404	-0.930939260174171	-0.395636399861047	0.0372651637292023	-0.307619241017219
"410"	124	43	8234	0	"UHNhscpg0003297"	"36_E_10"	NA	0.995065764341511	1.47237278088571	0.675032839136723	0.131725126490702	-0.0220302979134921	0.557731463164814
"411"	115	3	6722	0	"UHNhscpg0009585"	"103_F_10"	NA	0.99358790479863	0.737672258981451	1.03877815035744	0.319612282787263	-0.114022576554772	0.2779799531503
"412"	53	45	3836	0	"UHNhscpg0001051"	"12_C_8"	NA	-0.010704440391379	0.342140874882435	0.596992292937509	0.848578170859824	0.218087495161614	1.22530770531819
"413"	1	24	279	0	"UHNhscpg0000390"	"5_B_1"	NA	-1.01763372761352	-1.12407173827347	-0.477911645832857	-0.630067888174048	-0.380344482378749	0.216090470584974
"414"	51	55	3254	0	"UHNcntrl0005483"	"SA2"	NA	0.505721256843676	-0.0140482544695466	0.0953238385780786	0.614660230462762	1.23495095447635	1.05784381820648
"415"	107	59	7418	0	"UHNhscpg0003019"	"33_E_10"	NA	0.775510955658826	2.30175141331252	1.21310948573241	0.174713631377106	0.34407396495639	0.41538420476023
"416"	87	60	6283	0	"UHNhscpg0000882"	"10_E_3"	NA	-0.156369875312924	1.41015616061636	0.841293718777727	0.986704466631938	0.0294016603161733	1.08329286441634
"417"	138	19	8994	0	"UHNhscpg0001182"	"13_F_11"	NA	-0.337968337086744	1.48033425484841	1.00888684678036	1.1461904748232	0.165256509828323	1.18998079611948
"418"	121	63	8462	0	"UHNhscpg0000842"	"10_A_10"	NA	-0.0756253432774585	1.52664004006211	1.40436220173256	0.997168058205459	-0.125823655808874	1.04421123126397
"419"	112	46	7229	0	"UHNhscpg0006921"	"75_C_4"	NA	0.616577399960574	1.81442026133123	0.581002741016484	0.547686425888802	0.241078781363933	0.179603365322567
"420"	70	52	5187	0	"UHNhscpg0001162"	"13_E_3"	NA	-0.32523500558402	1.58252794530331	1.19305176443819	1.10704086150041	0.0784317697190904	1.47974024455063
"421"	107	25	6872	0	"UHNhscpg0003054"	"33_H_10"	NA	0.737299256935369	1.44829568983613	0.931473634777655	0.42093802858542	-0.0735255178620555	0.21811174010646
"422"	148	48	9439	0	"UHNhscpg0008368"	"91_A_5"	NA	0.7893494923622	1.48336105881175	1.19794522404518	0.128207582791481	0.0542028078212287	0.310136971851851
"423"	104	55	7366	0	"UHNhscpg0001121"	"13_A_10"	NA	-0.237057104214783	1.14299689945329	0.829305269692346	1.09199167107306	0.11122658013244	1.66106954859073
"424"	143	7	8806	0	"UHNhscpg0012080"	"55_B_11"	NA	1.2130656702769	1.06337839308813	0.845105114525246	0.0639783209910991	0.165915618950143	0.144396100786132
"425"	87	44	6011	0	"UHNhscpg0001067"	"12_E_3"	NA	-0.158433892250381	1.57546623079103	1.17898360262581	1.16617625014637	-0.0886134834711978	1.03066171781872
"426"	85	8	4615	0	"UHNcntrl0005682"	"SA2"	NA	0.732166766185342	-0.33081264569271	0.39478174888478	0.713428890978534	1.48358725727304	1.08597479063007
"427"	10	18	417	0	"UHNhscpg0007159"	"77_H_1"	NA	2.0515690987289	1.17433237084353	1.26655437513523	0.449497959290262	-0.220251081499297	0.422801582449568
"428"	11	58	985	0	"UHNhscpg0007504"	"81_G_1"	NA	1.58387127803804	0.847465598490554	0.648801419910159	1.0489829269892	-0.28451856943148	0.335867097923671
"429"	19	7	1110	0	"UHNhscpg0001410"	"16_B_7"	NA	-0.135756026834848	-0.541725307673005	-0.15475117443898	-0.235384016766735	-1.26197554667408	-0.694617243556612
"430"	107	30	6877	0	"UHNhscpg0003001"	"33_D_4"	NA	0.538126733122896	1.19679852112551	0.86085639248626	0.239721520270928	-0.153031183924847	0.537970024459087
"431"	6	39	630	0	"UHNhscpg0004277"	"47_A_7"	NA	-0.476364638266187	-1.33444337766898	-0.551134554048955	-0.275405214066573	-0.182444500656185	-0.20010192251789
"432"	160	36	10435	0	"UHNhscpg0005163"	"56_E_5"	NA	-0.931274211346841	-0.0679428773307045	-0.659957856375097	-1.62869245526432	-0.279998672927462	-0.247371619095944
"433"	48	12	2395	0	"UHNhscpg0009961"	"108_F_2"	NA	-0.210649871798902	-1.41330538833273	-0.59625394411063	-0.243258348283797	-0.239336894535111	-0.440186932877367
"434"	65	53	4292	0	"UHNhscpg0010219"	"111_C_8"	NA	0.0348346688989256	1.02383636588751	0.426477242069483	0.0927316723809177	0.622901743374094	1.47568228348296
"435"	13	46	749	0	"UHNhscpg0009156"	"99_C_1"	NA	-0.324063419105343	-1.3057425390669	-0.891730335009086	-0.336002064586671	-0.0290639645227255	-0.312794826096386
"436"	104	4	6547	0	"UHNhscpg0001360"	"15_F_4"	NA	1.30252955437418	0.575052927444261	0.869634013110456	0.823163300937047	0.0800679511507649	-0.126732909770126
"437"	170	37	10596	0	"UHNcntrl0005798"	"SA2"	NA	0.363685092714999	0.328441961327623	0.111829839621457	0.192322060377338	1.31401745554471	0.802839643816986
"438"	129	42	8313	0	"UHNhscpg0007059"	"76_G_4"	NA	0.789211431247914	0.930903309838657	1.10109442347441	0.20093312446852	0.0391443688021571	0.0975281014730935
"439"	5	13	76	0	"UHNhscpg0003189"	"35_D_7"	NA	-1.47078804401543	-1.46907253584813	0.0996506157489794	-0.885381019287705	-0.185906143585374	-0.369979566410121
"440"	44	15	2334	0	"UHNhscpg0006913"	"75_B_8"	NA	1.52979602017923	1.09022180597628	1.01164309956836	1.91205819174998	-0.530695044701906	0.414918699308041
"441"	155	19	10082	0	"UHNhscpg0001274"	"14_F_11"	NA	-0.273063101844603	1.53205785327261	0.881989908397529	0.914648551675693	0.123926327610308	1.02881392194508
"442"	32	5	1316	0	"UHNhscpg0011190"	"121_D_7"	NA	-0.296089671199443	-1.3625829767364	-1.07810947260905	-0.31849131411407	0.0394380520498867	-0.470622375448794
"443"	27	37	1780	0	"UHNhscpg0007378"	"80_C_7"	NA	0.354542811037632	0.739616709320977	0.370885953268765	0.385424082227887	-0.0311353249751711	1.35980024023725
"444"	81	4	4547	0	"UHNhscpg0009578"	"103_F_3"	NA	0.636830841519252	1.04716997490258	1.32946528667311	0.106728953832253	0.0899162689292279	0.233377315740492
"445"	5	29	348	0	"UHNhscpg0003004"	"33_D_7"	NA	-1.33764037563325	-1.6363877075528	-0.497970495984953	-0.705744973400817	-0.174330138596941	0.0980630667039488
"446"	192	12	12043	0	"UHNhscpg0012037"	"36_F_6"	NA	1.12880594607384	2.6405108581049	1.81059543202182	0.519839303735809	-0.017346245899164	0.213826721198055
"447"	79	56	5335	0	"UHNhscpg0007790"	"85_A_3"	NA	0.5838951019273	1.34972799090847	0.87046891591841	0.424599739733866	0.163244430043196	-0.0557639166210002
"448"	111	49	7472	0	"UHNhscpg0006412"	"69_G_10"	NA	-0.594384392523162	-1.23320903654844	-0.921547042756826	-0.238379291290233	-0.191696881823473	0.00744722688892985
"449"	13	40	743	0	"UHNhscpg0009516"	"103_A_1"	NA	0.246075731781694	1.05920833722196	0.953425329446953	0.537833780460197	-0.287798795517276	0.830917396298883
"450"	136	30	8157	0	"UHNcntrl0005371"	"Arabidopsis"	NA	0.601260612313402	1.8453148477897	0.904826028818947	0.311470697591242	-0.0331939850399934	0.47519413700614
"451"	126	12	7723	0	"UHNhscpg0004805"	"52_F_4"	NA	0.471194511185214	1.33832773033704	1.1636469242078	0.216691355577698	0.281128225721828	0.0285124877429936
"452"	204	54	13045	0	"UHNcntrl0005601"	"SA2"	NA	0.417977329550144	0.335358118185198	0.0183057291708977	0.198308697460389	1.26825458669663	0.816701656997477
"453"	51	54	3253	0	"UHNcntrl0005501"	"SA2"	NA	0.670378288476254	-0.0560361586456111	-0.0904507708367248	0.783790741795023	1.08670790729738	0.87340626579714
"454"	158	27	10138	0	"UHNhscpg0003123"	"34_F_11"	NA	1.12690892469614	1.90919772081815	0.917190653618778	0.00208665271951602	0.465261047698677	0.080489314163108
"455"	173	55	11734	0	"UHNhscpg0001859"	"21_A_12"	NA	-0.264772864901078	0.673912812071549	0.502785501888818	0.916756026155491	0.263167044331819	0.973921717908397
"456"	155	57	10632	0	"UHNhscpg0000914"	"10_G_11"	NA	-0.174820434868506	1.65034268713074	1.02193137071798	0.806137782100159	-0.05753721435849	1.47187240592358
"457"	180	42	11577	0	"UHNhscpg0006968"	"75_G_6"	NA	0.674760401410044	1.48417262264727	0.326564044604341	0.0647140034269622	0.809060235960636	0.0992781455275846
"458"	107	60	7419	0	"UHNhscpg0003013"	"33_E_4"	NA	0.8535219176088	1.40715201343666	1.01398710584707	0.15131409386116	0.0869551807663438	0.0975527131748883
"459"	39	16	2255	0	"UHNhscpg0003160"	"35_B_2"	NA	0.469058067543061	1.54659267009164	0.745461173458988	0.455395700112451	0.120677149079562	0.0981369558053178
"460"	61	12	3419	0	"UHNhscpg0007046"	"76_F_2"	NA	1.38418900763736	1.46348182308247	1.42183995106849	2.19991949820871	-0.617832945730681	0.255590282189683
"461"	1	32	287	0	"UHNhscpg0000013"	"1_B_1"	NA	-1.33358276360565	-0.73044599713436	-0.225472894235381	-0.501627354850855	-0.648329994238832	0.174731968764425
"462"	166	3	9986	0	"UHNhscpg0009682"	"104_F_11"	NA	0.591416309079147	1.23094713938436	0.619764593066634	-0.0566507132083718	0.0171108855057938	0.692243863683398
"463"	147	63	9694	0	"UHNhscpg0007449"	"81_A_11"	NA	1.21393403169276	1.57382190374762	0.719281191142741	0.961517712214246	-0.065586884301462	-0.149965867782456
"464"	141	61	9596	0	"UHNhscpg0002996"	"33_C_11"	NA	0.141464558976804	1.20587448100298	0.84570667532339	-0.0954492573392081	0.325068403934136	0.695238403928515
"465"	1	37	548	0	"UHNhscpg0000591"	"7_C_7"	NA	-1.11323425550621	-1.12043001395953	-1.29790684123463	-1.0534042633385	-0.498068587938288	0.645760442151898
"466"	201	44	12731	0	"UHNhscpg0010049"	"109_E_6"	NA	-0.336495291659903	-0.22123741773925	-0.333384468335888	-1.48351280342979	-0.0817163667280525	-0.81921945848122
"467"	124	12	7691	0	"UHNhscpg0003303"	"36_F_4"	NA	0.664417649830092	0.999476997613018	0.0992658125050649	0.446993554279961	-0.147545327328039	1.26210301134891
"468"	138	41	9272	0	"UHNhscpg0001008"	"11_G_11"	NA	-0.367216626490285	1.37899359373446	0.923526457280051	0.862576245109612	0.119232790823222	1.01994831395491
"469"	192	16	12047	0	"UHNhscpg0003259"	"36_B_6"	NA	0.32238908345056	1.71643528989756	0.926351309019422	-0.0878387128219824	0.309234769984633	0.645962690140397
"470"	18	10	1097	0	"UHNhscpg0000366"	"4_H_1"	NA	-0.942668121050493	-0.111062884973899	-0.218106989036523	-0.861047005802511	-1.17390146068775	0.0764532777077918
"471"	201	34	12721	0	"UHNhscpg0010457"	"113_G_6"	NA	0.334594807222629	0.159047873835645	-0.190601744375114	0.936248619181652	0.848975181079675	1.19198420970784
"472"	102	52	6515	0	"UHNcntrl0005622"	"SA1"	NA	0.718256122069691	1.33737882786438	0.484942084187121	-0.237741258650034	0.506579321733073	0.374405432179082
"473"	163	14	9949	0	"UHNhscpg0007025"	"76_D_5"	NA	1.30078445757219	0.583555317220923	0.812586104267119	0.233725008793185	0.127490592356152	0.0109677773470551
"474"	136	6	7877	0	"UHNcntrl0005803"	"SA2"	NA	1.02580255334262	0.324430023578939	0.586428130925105	-0.428460370443124	1.23781648216673	0.927703166266182
"475"	65	29	3756	0	"UHNhscpg0009847"	"107_D_8"	NA	-0.301943633267292	-1.1522352232278	-1.1551360332998	-0.50699370519586	0.0122034424800255	-0.089758149850951
"476"	35	39	2726	0	"UHNhscpg0000568"	"7_A_8"	NA	-0.170246856937483	1.58040746488571	1.12891563113612	0.889390054443872	-0.13660383070914	0.90975126796639
"477"	173	59	11738	0	"UHNhscpg0001543"	"17_E_12"	NA	0.389123625883588	1.3371042370006	0.710229376152119	0.636014662528016	0.00864435435944344	0.0196394504816748
"478"	175	32	11231	0	"UHNhscpg0002979"	"33_B_6"	NA	0.716128374465846	1.94189482866035	0.513527576052844	0.3994806448415	0.222123413153707	0.14795263047467
"479"	87	52	6275	0	"UHNhscpg0001256"	"14_E_3"	NA	-0.213032052643911	1.59285438528662	1.27775096513213	0.758947875850755	-0.128520591851371	1.1456531357895
"480"	27	23	1510	0	"UHNhscpg0012138"	"78_B_7"	NA	0.39171875626845	0.655841064567733	0.686255643196358	1.19567744620861	-0.374015692266079	0.618651236131171
"481"	103	12	6539	0	"UHNhscpg0000254"	"3_F_4"	NA	0.402596924674427	1.707742113483	0.969623786588448	0.386176760082245	-0.0745141287133233	0.355066629622359
"482"	70	36	4915	0	"UHNhscpg0001348"	"15_E_3"	NA	-0.291566760592662	1.34213991432001	0.856651767536126	0.739019826580744	0.0262255120911643	1.46276153206822
"483"	113	28	6971	0	"UHNhscpg0007495"	"81_F_4"	NA	0.746088644225916	0.959409161257068	1.10169220914469	1.77375682815201	-0.059816586524982	-0.182077900388112
"484"	138	3	8722	0	"UHNhscpg0001366"	"15_F_11"	NA	-0.285815715004928	0.675388538027063	0.714971184101103	0.754805807753995	0.158933757499314	1.29184860961848
"485"	39	47	2798	0	"UHNhscpg0003155"	"35_A_8"	NA	0.178611487963146	1.55954875551833	0.936444463684039	0.892539417678679	-0.320663025649976	0.622047411944683
"486"	136	16	7887	0	"UHNcntrl0005443"	"Arabidopsis"	NA	0.280257557771991	1.30664898039567	0.887815282254554	0.175094545970925	-0.0563875452558591	0.489369046215577
"487"	158	30	10141	0	"UHNhscpg0003094"	"34_D_5"	NA	0.731217219552937	1.48069227765103	0.350109513267489	0.512164955911182	0.0485094235442549	0.0882049606100441
"488"	118	23	7046	0	"UHNhscpg0011649"	"126_B_10"	NA	-0.135079781251925	1.48287098802824	1.14249972520892	0.705945281362002	-0.220735446441079	1.32801394391025
"489"	183	62	11901	0	"UHNhscpg0008969"	"97_C_6"	NA	-0.0509498517556857	1.44211755624329	0.939724900463411	0.896300603524606	-0.183782513062006	0.648781007888319
"490"	1	13	12	0	"UHNhscpg0000233"	"3_D_7"	NA	-0.972337697415457	-0.803465336972259	0.455264143396136	-0.783831034318521	-0.560548894436776	-0.442078576981439
"491"	3	63	862	0	"UHNhscpg0001492"	"17_A_7"	NA	-0.329050473523175	1.68924226927908	0.997433123411433	1.07623447795456	-0.0506780655407866	1.0178838806168
"492"	30	24	1559	0	"UHNhscpg0009432"	"102_B_1"	NA	-0.461566963219081	-1.21279858474207	-1.03470391920964	-0.159750970187305	0.191460045172274	-0.488127799373215
"493"	85	7	4614	0	"UHNcntrl0005688"	"SA2"	NA	0.798408835494698	-0.364710732133208	0.216458447658866	0.573819805809938	1.54114925031518	1.15893376234437
"494"	27	12	1243	0	"UHNhscpg0007045"	"76_F_1"	NA	1.13643453936721	0.60878513750423	0.500311711284935	1.62350788793446	-0.611689658587332	1.2062196227326
"495"	153	21	9236	0	"UHNcntrl0005522"	"SA2"	NA	0.470575296555436	0.132572659782696	0.110842793037387	0.0950241893678836	1.30185921716345	0.949043556371211
"496"	38	22	2501	0	"UHNhscpg0012011"	"29_D_2"	NA	0.761134178379164	0.718672696858498	0.351529391522016	0.203690041014552	-0.0796698346144176	1.7486756389057
"497"	158	46	10413	0	"UHNhscpg0003270"	"36_C_5"	NA	0.900163952604883	2.27266173680162	0.715299641809551	0.388739005831081	-0.00923885903052302	0.295737971941742
"498"	91	16	5535	0	"UHNhscpg0004001"	"44_B_3"	NA	-2.30217209523638	-0.396818460941933	-0.543078198310342	-0.241156280668118	-0.418847136220105	-0.472864685337742
"499"	177	6	10981	0	"UHNhscpg0005061"	"55_D_6"	NA	0.516712467483451	1.16932623083269	1.02323157327013	-0.161189225409196	0.302128007795288	0.17533815114415
"500"	136	31	8158	0	"UHNcntrl0005353"	"Arabidopsis"	NA	0.610279305323342	1.59236561545466	0.822557309897499	0.16730873353235	-0.11100510424534	0.357319600254183
"501"	28	10	1257	0	"UHNhscpg0007777"	"84_H_1"	NA	0.766210204031062	1.43224398728264	0.743713241781747	0.679546226870668	-0.606292404963435	0.775113493139971
"502"	199	19	12418	0	"UHNhscpg0008723"	"94_F_12"	NA	-0.181165373040333	1.20815785440482	1.06264587378666	0.798894244040595	-0.142544696357527	0.687776987018756
"503"	175	62	11773	0	"UHNhscpg0002991"	"33_C_6"	NA	0.437960088417039	2.14422336367796	0.988597054971466	-0.100530534847518	0.382690553619794	0.471798974034122
"504"	105	60	7387	0	"UHNhscpg0001536"	"17_E_4"	NA	-0.368445160518238	0.860243049143406	0.494199684966743	0.96918459222832	0.199599527813072	1.4548977014821
"505"	23	54	1989	0	"UHNhscpg0004199"	"46_C_1"	NA	-1.15739166705517	0.128753221415403	-1.11171153680945	0.0618500384004648	-0.645041182975589	-0.462777947331643
"506"	114	16	6719	0	"UHNhscpg0008379"	"91_B_4"	NA	0.399464582022889	1.34735514559615	0.483939630818476	0.536949683376857	-0.337055507948154	0.691795116204094
"507"	171	27	11162	0	"UHNhscpg0000072"	"1_F_12"	NA	-0.328746059231836	1.46009345932824	1.2036495795811	1.00423418821168	-0.183495119978254	1.0153704356628
"508"	192	14	12045	0	"UHNhscpg0012035"	"36_D_6"	NA	0.191857643797247	1.05087099581356	0.851265010226525	-0.431590683109404	0.575479356550787	1.10106802482617
"509"	174	63	11758	0	"UHNhscpg0002225"	"25_A_12"	NA	-0.263000772320769	0.885166725549119	0.706896896033221	0.433241972204023	0.0972071302064155	1.1443611000463
"510"	40	20	2531	0	"UHNhscpg0004144"	"45_F_2"	NA	1.03683483397322	0.956755106820617	1.16575568647187	0.277818907343194	-0.239693811921397	0.0963727246933885
"511"	51	7	2438	0	"UHNcntrl0005687"	"SA2"	NA	0.829103762903905	0.0429645319779883	0.00861806420890865	0.25828801685771	1.74778597007856	0.787629823527503
"512"	102	47	6254	0	"UHNcntrl0005436"	"Arabidopsis"	NA	0.21220065204643	1.46841880117704	0.369253083027747	1.1790482554235	-0.0783355618993138	0.249203864313539
"513"	30	40	1831	0	"UHNhscpg0009612"	"104_A_1"	NA	-0.216735641706689	1.27386450179615	1.18216637090331	0.621265785144974	-0.156982984424058	0.869663531310362
"514"	86	35	5986	0	"UHNhscpg0000708"	"8_E_9"	NA	-0.128813502848162	-0.0729050344840267	-0.246815395410605	-1.63627419029404	-0.585010833064688	-0.564794587305094
"515"	150	62	9741	0	"UHNhscpg0009736"	"106_C_5"	NA	0.260181390972996	1.49612231666901	0.672361790313575	0.168310126312559	0.0339476520882567	0.382097211096919
"516"	52	39	3814	0	"UHNhscpg0000660"	"8_A_8"	NA	-0.343768427108815	1.17459338032685	1.0629068047824	0.841448297936758	-0.135971878143213	1.02225224313272
"517"	197	38	12661	0	"UHNhscpg0007377"	"80_C_6"	NA	-0.0876674262807366	1.47224124670363	1.01730835981154	0.604494460706189	-0.226718703470711	0.68504793466686
"518"	124	48	8239	0	"UHNhscpg0003246"	"36_A_4"	NA	0.385252089888436	1.7798583793539	1.4507703140171	0.366317363351824	0.0491998295390772	-0.0328883088067702
"519"	50	2	2417	0	"UHNhscpg0011905"	"128_H_2"	NA	-0.122572904188639	1.08166256531003	0.688575014869704	1.17506501269262	-0.353528425016719	0.996421379021461
"520"	158	48	10415	0	"UHNhscpg0003247"	"36_A_5"	NA	0.579358869790939	1.6489267562608	0.236103347927665	0.098049400991032	0.025268237312444	0.579394961066647
"521"	166	19	10258	0	"UHNhscpg0009490"	"102_F_11"	NA	0.892717962783383	2.39174343345396	0.131186317617399	0.114971206824276	0.510505729009163	0.351898730072698
"522"	190	47	12558	0	"UHNhscpg0001767"	"20_A_12"	NA	-0.256671330009706	1.59849544513532	0.899837857845418	0.713974481343476	-0.107140944078514	0.704330401081775
"523"	113	26	6969	0	"UHNhscpg0007517"	"81_H_4"	NA	0.821679069017493	1.49773485437053	1.0339209739233	2.02343905955868	-0.650220533652784	0.116232120693086
"524"	174	7	10934	0	"UHNhscpg0002803"	"31_B_12"	NA	-0.0348413128116878	1.61353350535911	1.2922155046751	0.335684340560297	-0.182783025101379	0.681973705622179
"525"	23	46	1725	0	"UHNhscpg0004011"	"44_C_1"	NA	-1.14022048134376	0.0794805182668519	-1.16203172171174	0.231574924414195	-0.783666161425881	-0.380040090213893
"526"	17	40	807	0	"UHNcntrl0005668"	"SA2"	NA	0.412481909554122	0.0994543571762705	0.190607449403451	1.61031111710877	1.07426849481246	-0.0297771760586176
"527"	21	56	1959	0	"UHNhscpg0002688"	"30_A_1"	NA	0.868752597569838	4.1068166716149	1.58592868122808	0.659097560241548	-0.0789708364021608	0.319933792318899
"528"	140	11	8762	0	"UHNhscpg0002475"	"27_F_11"	NA	-0.103575413632658	0.760098471139061	0.704144022187291	0.35904020578967	-0.0421679410485769	1.5956270754746
"529"	95	9	5592	0	"UHNhscpg0007076"	"76_H_9"	NA	0.805555641023533	0.26352227419442	0.480043089915663	1.85862959255305	-0.00430483568448636	0.126565595666708
"530"	170	30	10333	0	"UHNcntrl0005372"	"Arabidopsis"	NA	0.36882018193416	1.68475348222008	0.963268344099173	-0.0516312662364236	0.188040294157251	0.199387918411166
"531"	18	34	1633	0	"UHNhscpg0000722"	"8_G_1"	NA	-0.383288913802112	1.58290056363293	1.02991869746666	0.785980945432421	-0.172309243697894	0.946662375270682
"532"	18	50	1905	0	"UHNhscpg0000537"	"6_G_1"	NA	-0.398031403557745	1.38895045912341	0.778326645046818	0.907652183864053	-0.179099257386319	1.10347257251791
"533"	85	52	5427	0	"UHNcntrl0005526"	"SA1"	NA	0.613304584987353	1.44197474765922	0.579920339164679	-0.485808399101243	0.66960275783589	0.331671617234025
"534"	143	8	8807	0	"UHNhscpg0005037"	"55_B_5"	NA	1.46509743404524	1.00464077172505	1.1181062740025	0.371441020837729	-0.0727956457323629	-0.329219784974482
"535"	118	15	6782	0	"UHNhscpg0011457"	"124_B_10"	NA	-0.47142387188771	1.32585399170181	0.990052290200836	0.511158976541259	-0.0160323113182166	1.39809399398397
"536"	141	16	8783	0	"UHNhscpg0003163"	"35_B_5"	NA	-0.0416448272742524	2.03915965372633	0.85178957665485	0.256845077619211	0.160805278569827	0.481065521984114
"537"	1	15	14	0	"UHNhscpg0011916"	"3_B_7"	NA	-1.00689157932162	-1.51186328489907	-0.460980790898695	-0.941445839421821	-0.476524436631715	0.692165851554773
"538"	162	20	10195	0	"UHNhscpg0006491"	"70_F_5"	NA	1.24195353357541	1.00469892075891	1.39354780610848	0.185375019256011	-0.0656379136595984	-0.261924184494339
"539"	1	14	13	0	"UHNhscpg0000227"	"3_D_1"	NA	-1.44275418934331	-0.370218807124386	0.137873239099132	-1.14958784140044	-1.23446685721788	0.358865800387086
"540"	136	32	8159	0	"UHNcntrl0005347"	"Arabidopsis"	NA	0.60913830101819	1.50381606188021	0.761982076868792	-0.135864392414513	-0.158669833101285	0.450952630634863
"541"	157	35	10386	0	"UHNhscpg0002926"	"32_E_11"	NA	-0.129821103098573	0.820183515884676	0.558887414705044	0.634460079111916	-0.130912902981633	2.04027464242183
"542"	197	6	12117	0	"UHNhscpg0007389"	"80_D_6"	NA	-0.187948215294458	1.44219433124788	1.18606222993225	0.628817749698666	-0.235597806708528	0.479048160649837
"543"	174	15	10942	0	"UHNhscpg0002429"	"27_B_12"	NA	-0.018592955187291	1.74149682682269	0.676130471898743	0.41648791168992	-0.314995672404729	1.02988991929161
"544"	28	63	2078	0	"UHNhscpg0007529"	"82_A_7"	NA	-0.224603478563143	1.23362942125655	0.764233703688349	0.436070776857102	-0.242484978100547	1.33709551260345
"545"	65	22	3749	0	"UHNhscpg0010225"	"111_D_2"	NA	1.14058725038384	1.28495514586792	1.41676336291312	0.146663444355561	-0.436519860135004	0.0922454266617336
"546"	90	47	6062	0	"UHNhscpg0003250"	"36_A_9"	NA	0.50136737501991	2.37580458765291	0.981694890257501	0.0709496547729529	0.393788425701381	-0.110649106294273
"547"	171	42	11433	0	"UHNhscpg0000268"	"3_G_6"	NA	0.0278225899459752	1.52940874677532	0.296733879821346	-0.0101940800888105	0.102998778158454	1.12939391879635
"548"	117	63	7582	0	"UHNhscpg0010485"	"114_A_10"	NA	0.0770724840689301	1.55229758851454	0.206901076479415	-0.132883980739471	0.256772498682786	1.38647168569482
"549"	10	6	149	0	"UHNhscpg0007296"	"79_D_1"	NA	-0.546660095309544	-1.50057451098297	-1.00951935880043	-0.0469021191268855	0.552702960325874	-0.802902737786477
"550"	103	48	7087	0	"UHNhscpg0000196"	"3_A_4"	NA	1.30455853452056	1.19101429369259	1.49870792212779	0.093583442202851	-0.234797594884604	-0.187505635793103
"551"	174	23	11206	0	"UHNhscpg0002619"	"29_B_12"	NA	-0.12958894758124	0.920375408374898	0.708528782477174	0.246877775302217	-0.133872639584599	1.86260230953278
"552"	81	51	5362	0	"UHNhscpg0009380"	"101_E_9"	NA	0.966365360167638	1.13581193245144	1.26648867985664	0.162170397300933	-0.310906009617074	-0.0818756906171636
"553"	1	50	817	0	"UHNhscpg0000449"	"5_G_1"	NA	-0.542276605485442	1.20449991222455	0.841520522270729	0.80007205008506	-0.0790747364356132	0.879196662210147
"554"	18	14	1101	0	"UHNhscpg0000322"	"4_D_1"	NA	-0.996534673965103	-0.382464904680173	-0.223566915433453	-1.07841859248991	-1.07692052523716	0.637783280240679
"555"	175	12	10955	0	"UHNhscpg0003212"	"35_F_6"	NA	1.3301449167495	1.1959515293874	1.46081912845215	-0.257101769261331	-0.00851863350028914	-0.0960484513224351
"556"	204	62	13053	0	"UHNcntrl0005361"	"Arabidopsis"	NA	0.165306291270452	2.09187842808094	0.916747370948745	-0.150406312668542	0.0871118601022651	0.562611173731101
"557"	128	21	8020	0	"UHNhscpg0006472"	"70_D_10"	NA	0.86290230831256	0.977778588028659	1.55677587331748	0.0394741499886582	-0.0751556301625644	-0.179070278572858
"558"	190	39	12550	0	"UHNhscpg0002136"	"24_A_12"	NA	-0.280491550688501	1.61085811339516	0.971967324409752	0.502378555434415	-0.159037669430129	0.519288346608189
"559"	135	15	7870	0	"UHNhscpg0011553"	"125_B_10"	NA	-0.556834675619903	1.18576260225107	0.761520736685357	0.717417403634814	-0.141281851293456	1.70351208379058
"560"	49	25	2680	0	"UHNhscpg0010567"	"114_H_8"	NA	-0.126039905645966	1.00372345275147	0.989683042304625	0.246254538711653	-0.309421139761765	2.10431025646134
"561"	36	45	2748	0	"UHNhscpg0000958"	"11_C_8"	NA	-0.253339149916192	0.587857743783037	0.482315854860175	0.741266620151295	0.0690041228431308	2.52971412437659
"562"	191	14	12029	0	"UHNhscpg0002541"	"28_D_6"	NA	-0.341322346517394	1.45158552474445	1.02294762522627	0.677843453590006	-0.161762070220917	0.367708822952778
"563"	128	17	8016	0	"UHNhscpg0006520"	"70_H_10"	NA	1.39439930263306	1.27690385185625	1.22377944919467	0.209372816156669	-0.437144545437615	-0.198014507183025
"564"	167	18	10273	0	"UHNhscpg0010276"	"111_H_5"	NA	1.3658695078545	1.68112961832366	-0.380208506165728	0.499289775093736	0.240563424225421	-0.0115787662214073
"565"	180	58	11849	0	"UHNhscpg0006786"	"73_G_6"	NA	0.444890380152883	1.93174449524426	0.457611001789479	0.0713002373220224	-0.327552024486804	0.659675750510315
"566"	88	51	6290	0	"UHNhscpg0001997"	"22_E_9"	NA	0.113940563004752	4.41783168177372	2.35012713807751	0.219299597152084	0.610840425934876	-0.355669370307872
"567"	36	53	3012	0	"UHNhscpg0001143"	"13_C_8"	NA	-0.584017464263294	0.610681841520217	0.321423785156822	1.04873069583331	0.165610441040513	1.75306296468708
"568"	170	64	10879	0	"UHNcntrl0005336"	"Arabidopsis"	NA	0.373218673411913	2.19282489562508	1.00229924412963	-0.224773364601941	0.00124350009969021	0.275065056668344
